1276
103 350 0 352 2652 102
345 350 103 349 352 344
100 350 98 351 2651 99
354 342 98 357 2650 356
340 342 354 341 357 355
350 345 354 349 2649 353
354 347 340 358 2648 355
325 360 107 359 2647 324
360 345 105 361 2646 362
329 336 327 335 2645 328
327 364 325 366 2644 326
336 338 364 337 2643 363
364 347 360 367 2642 365
369 374 340 373 2641 368
374 94 342 375 2640 376
374 381 94 383 2639 375
378 381 374 380 383 377
320 322 378 321 2638 379
322 90 381 323 2637 384
374 369 378 373 2636 377
378 371 320 385 2635 379
331 387 329 386 2634 330
387 389 336 388 2633 391
389 369 338 390 2632 392
312 314 333 313 2631 334
333 394 331 396 2630 332
371 398 318 397 2629 372
398 394 316 399 2628 400
369 389 371 390 2627 370
389 387 398 388 2626 401
289 403 287 402 2625 288
287 408 285 412 2624 286
285 410 113 413 2623 284
327 415 329 414 2622 328
415 408 405 416 2621 417
107 109 325 108 2620 324
325 419 327 421 2619 326
109 111 419 110 2618 418
419 410 415 422 2617 420
295 308 293 307 2616 294
293 424 291 428 2615 292
291 426 289 429 2614 290
333 431 312 430 2613 334
431 424 310 432 2612 433
329 405 331 406 2611 330
331 435 333 437 2610 332
405 403 435 404 2609 434
435 426 431 438 2608 436
462 467 320 466 2607 461
322 469 90 472 2606 323
467 469 322 468 472 471
469 477 88 479 2605 470
474 477 469 476 479 473
457 459 474 458 2604 475
459 84 477 460 2603 480
464 482 462 481 2602 463
482 474 467 483 2601 484
453 455 464 454 2600 465
455 457 482 456 2599 485
440 487 316 486 2598 439
487 462 318 488 2597 489
444 451 442 450 2596 443
442 491 440 493 2595 441
451 453 491 452 2594 490
491 464 487 494 2593 492
459 506 84 508 2592 460
501 506 459 505 508 500
506 513 82 515 2591 507
510 513 506 512 515 509
280 282 510 281 2590 511
282 78 513 283 2589 516
506 501 510 505 2588 509
510 503 280 517 2587 511
496 519 455 518 2586 495
519 501 457 520 2585 521
274 276 498 275 2584 499
498 523 496 525 2583 497
276 278 523 277 2582 522
523 503 519 526 2581 524
446 528 444 527 2580 445
528 530 451 529 2579 532
530 496 453 531 2578 533
268 270 448 269 2577 449
448 535 446 537 2576 447
498 539 274 538 2575 499
539 535 272 540 2574 541
496 530 498 531 2573 497
530 528 539 529 2572 542
553 558 546 557 2571 552
558 299 544 559 2570 560
310 308 555 309 2569 556
555 562 553 564 2568 554
308 295 562 307 2567 561
562 297 558 565 2566 563
442 567 444 566 2565 443
567 569 550 568 2564 571
569 553 548 570 2563 572
316 314 440 315 2562 439
440 574 442 576 2561 441
555 578 310 577 2560 556
578 574 312 579 2559 580
553 569 555 570 2558 554
569 567 578 568 2557 581
583 588 262 587 2556 582
588 305 260 589 2555 590
546 544 585 545 2554 586
585 592 583 594 2553 584
544 301 592 543 2552 591
592 303 588 595 2551 593
448 597 268 596 2550 449
597 599 266 598 2549 601
599 583 264 600 2548 602
444 550 446 551 2547 445
446 604 448 606 2546 447
585 608 546 607 2545 586
608 604 548 609 2544 610
583 599 585 600 2543 584
599 597 608 598 2542 611
628 635 626 634 2541 627
626 640 624 644 2540 625
624 642 617 645 2539 623
207 647 205 646 2538 206
647 640 637 648 2537 649
211 613 209 612 2536 210
209 651 207 653 2535 208
613 615 651 614 2534 650
651 642 647 654 2533 652
119 121 632 120 2532 633
632 656 630 660 2531 631
630 658 628 661 2530 629
201 663 125 662 2529 200
663 656 123 664 2528 665
205 637 203 638 2527 204
203 667 201 669 2526 202
637 635 667 636 2525 666
667 658 663 670 2524 668
289 672 291 671 2523 290
291 677 293 681 2522 292
293 679 295 682 2521 294
626 684 628 683 2520 627
684 677 674 685 2519 686
617 619 624 618 2518 623
624 688 626 690 2517 625
619 621 688 620 2516 687
688 679 684 691 2515 689
113 115 285 114 2514 284
285 693 287 697 2513 286
287 695 289 698 2512 288
632 700 119 699 2511 633
700 693 117 701 2510 702
628 674 630 675 2509 629
630 704 632 706 2508 631
674 672 704 673 2507 703
704 695 700 707 2506 705
718 723 711 722 2505 717
723 215 709 724 2504 725
615 613 720 614 2503 721
720 727 718 729 2502 719
613 211 727 612 2501 726
727 213 723 730 2500 728
711 713 718 712 2499 717
732 738 720 740 739 2498
734 738 732 737 740 733
619 617 734 618 2497 735
617 615 738 616 2496 741
299 743 301 742 2495 300
743 732 715 744 2494 745
295 621 297 622 2493 296
297 747 299 749 2492 298
621 619 747 620 2491 746
747 734 743 750 2490 748
752 757 252 756 2489 751
757 221 250 758 2488 759
711 709 754 710 2487 755
754 761 752 763 2486 753
709 217 761 708 2485 760
761 219 757 764 2484 762
305 766 258 765 2483 306
766 768 256 767 2482 770
768 752 254 769 2481 771
301 715 303 716 2480 302
303 773 305 775 2479 304
754 777 711 776 2478 755
777 773 713 778 2477 779
752 768 754 769 2476 753
768 766 777 767 2475 780
852 857 280 856 2474 851
282 859 78 862 2473 283
857 859 282 858 862 861
76 859 74 860 2472 75
864 849 74 867 2471 866
847 849 864 848 867 865
854 869 852 868 2470 853
869 864 857 870 2469 871
843 845 854 844 2468 855
845 847 869 846 2467 872
830 874 276 873 2466 829
874 852 278 875 2465 876
834 841 832 840 2464 833
832 878 830 880 2463 831
841 843 878 842 2462 877
878 854 874 881 2461 879
883 888 847 887 890 2460
72 849 70 850 2459 71
849 847 888 848 890 891
885 893 888 892 895 2458
893 68 70 894 69 2457
68 893 66 894 2456 67
893 885 827 892 886 896
845 843 898 844 897 2455
883 898 900 902 899 2454
885 900 825 903 901 2453
836 905 834 904 2452 835
905 907 841 906 2451 909
907 898 843 908 897 910
898 907 912 908 911 2450
900 912 823 914 913 2449
907 905 916 906 915 2448
912 916 821 918 917 2447
836 920 905 922 2446 904
838 920 836 919 922 837
815 817 838 816 2445 839
920 819 916 924 2444 921
817 819 920 818 924 923
935 940 928 939 2443 934
940 784 926 941 2442 942
270 268 937 269 2441 938
937 944 935 946 2440 936
268 266 944 267 2439 943
944 782 940 947 2438 945
832 949 834 948 2437 833
949 951 932 950 2436 953
951 935 930 952 2435 954
276 274 830 275 2434 829
830 956 832 958 2433 831
937 960 270 959 2432 938
960 956 272 961 2431 962
935 951 937 952 2430 936
951 949 960 950 2429 963
965 970 809 969 2428 964
970 790 807 971 2427 972
928 926 967 927 2426 968
967 974 965 976 2425 966
926 786 974 925 2424 973
974 788 970 977 2423 975
838 979 815 978 2422 839
979 981 813 980 2421 983
981 965 811 982 2420 984
834 932 836 933 2419 835
836 986 838 988 2418 837
967 990 928 989 2417 968
990 986 930 991 2416 992
965 981 967 982 2415 966
981 979 990 980 2414 993
827 1033 66 1035 2413 828
1028 1033 827 1032 1035 1027
64 1033 62 1034 2412 63
1037 1020 62 1040 2411 1039
1018 1020 1037 1019 1040 1038
1033 1028 1037 1032 2410 1036
1037 1030 1018 1041 2409 1038
1023 1043 823 1042 2408 1022
1043 1028 825 1044 2407 1045
1012 1014 1025 1013 2406 1026
1025 1047 1023 1049 2405 1024
1014 1016 1047 1015 2404 1046
1047 1030 1043 1050 2403 1048
995 1052 817 1051 2402 994
1052 1054 819 1053 2401 1056
1054 1023 821 1055 2400 1057
999 1008 997 1007 2399 998
997 1059 995 1061 2398 996
1025 1063 1012 1062 2397 1026
1063 1059 1010 1064 2396 1065
1023 1054 1025 1055 2395 1024
1054 1052 1063 1053 2394 1066
1020 1090 60 1092 2393 1021
1087 1090 1020 1089 1092 1086
1082 1084 1087 1083 2392 1088
1084 56 1090 1085 2391 1093
1020 1018 1087 1019 2390 1086
1087 1075 1082 1094 2389 1088
1084 1099 56 1101 2388 1085
1096 1099 1084 1098 1101 1095
49 51 1096 50 2387 1097
51 1 1099 52 2386 1102
1079 1104 1077 1103 2385 1078
1104 1096 1082 1105 2384 1106
45 47 1079 46 2383 1080
47 49 1104 48 2382 1107
1070 1109 1068 1108 2381 1069
1068 1112 1014 1114 2380 1067
1109 1077 1112 1110 2379 1111
1112 1075 1016 1115 2378 1113
41 43 1072 42 2377 1073
1072 1117 1070 1119 2376 1071
43 45 1117 44 2375 1116
1117 1079 1109 1120 2374 1118
1129 1132 1124 1131 2373 1128
1132 1001 1122 1133 2372 1134
1010 1008 1129 1009 2371 1130
1008 999 1132 1007 2370 1135
1068 1137 1070 1136 2369 1069
1137 1129 1126 1138 2368 1139
1014 1012 1068 1013 2367 1067
1012 1010 1137 1011 2366 1140
1142 1145 37 1144 2365 1141
1145 1005 35 1146 2364 1147
1124 1122 1142 1123 2363 1143
1122 1003 1145 1121 2362 1148
1072 1150 41 1149 2361 1073
1150 1142 39 1151 2360 1152
1070 1126 1072 1127 2359 1071
1126 1124 1150 1125 2358 1153
1166 1171 1159 1170 2357 1165
1171 1173 1157 1172 2356 1175
1173 796 1155 1174 2355 1176
811 809 1168 810 2354 1169
1168 1178 1166 1180 2353 1167
794 1182 792 1181 2352 793
1182 1178 807 1183 2351 1184
796 1173 794 1174 2350 795
1173 1171 1182 1172 2349 1185
997 1187 999 1186 2348 998
1187 1189 1163 1188 2347 1191
1189 1166 1161 1190 2346 1192
817 815 995 816 2345 994
995 1194 997 1196 2344 996
1168 1198 811 1197 2343 1169
1198 1194 813 1199 2342 1200
1166 1189 1168 1190 2341 1167
1189 1187 1198 1188 2340 1201
1205 1210 1203 1209 2339 1204
1203 1215 27 1217 2338 1202
804 1219 802 1218 2337 803
1219 1215 1212 1220 2336 1221
21 23 804 22 2335 805
23 25 1219 24 2334 1222
1159 1157 1207 1158 2333 1208
1207 1224 1205 1226 2332 1206
800 1228 798 1227 2331 799
1228 1224 1155 1229 2330 1230
802 1212 800 1213 2329 801
1212 1210 1228 1211 2328 1231
1003 1233 1005 1232 2327 1004
1005 1238 33 1240 2326 1006
1203 1242 1205 1241 2325 1204
1242 1238 1235 1243 2324 1244
27 29 1203 28 2323 1202
29 31 1242 30 2322 1245
999 1163 1001 1164 2321 1000
1001 1247 1003 1249 2320 1002
1207 1251 1159 1250 2319 1208
1251 1247 1161 1252 2318 1253
1205 1235 1207 1236 2317 1206
1235 1233 1251 1234 2316 1254
1291 1296 1286 1295 2315 1290
1296 1275 1284 1297 2314 1298
1258 1260 1293 1259 2313 1294
1293 1300 1291 1302 2312 1292
1260 1262 1300 1261 2311 1299
1300 1273 1296 1303 2310 1301
231 1305 229 1304 2309 230
1305 1291 1288 1306 2308 1307
235 1256 233 1255 2307 234
233 1309 231 1311 2306 232
1256 1258 1309 1257 2305 1308
1309 1293 1305 1312 2304 1310
1314 1319 252 1318 2303 1313
1319 1281 254 1320 2302 1321
1286 1284 1316 1285 2301 1317
1316 1323 1314 1325 2300 1315
1284 1277 1323 1283 2299 1322
1323 1279 1319 1326 2298 1324
225 1328 223 1327 2297 224
1328 1314 250 1329 2296 1330
229 1288 227 1289 2295 228
227 1332 225 1334 2294 226
1288 1286 1332 1287 2293 1331
1332 1316 1328 1335 2292 1333
1346 1351 1339 1350 2291 1345
1351 788 1337 1352 2290 1353
1268 1270 1348 1269 2289 1349
1348 1355 1346 1357 2288 1347
1270 792 1355 1271 2287 1354
1355 790 1351 1358 2286 1356
1275 1360 1277 1359 2285 1276
1360 1362 1343 1361 2284 1364
1362 1346 1341 1363 2283 1365
1262 1264 1273 1263 2282 1272
1273 1367 1275 1369 2281 1274
1348 1371 1268 1370 2280 1349
1371 1367 1266 1372 2279 1373
1346 1362 1348 1363 2278 1347
1362 1360 1371 1361 2277 1374
1376 1381 262 1380 2276 1375
1381 782 264 1382 2275 1383
1339 1337 1378 1338 2274 1379
1378 1385 1376 1387 2273 1377
1337 786 1385 1336 2272 1384
1385 784 1381 1388 2271 1386
1281 1390 256 1389 2270 1282
1390 1392 258 1391 2269 1394
1392 1376 260 1393 2268 1395
1277 1343 1279 1344 2267 1278
1279 1397 1281 1399 2266 1280
1378 1401 1339 1400 2265 1379
1401 1397 1341 1402 2264 1403
1376 1392 1378 1393 2263 1377
1392 1390 1401 1391 2262 1404
1426 1431 1421 1430 2261 1425
1431 1408 1419 1432 2260 1433
9 11 1428 10 2259 1429
1428 1435 1426 1437 2258 1427
11 13 1435 12 2257 1434
1435 1406 1431 1438 2256 1436
245 1440 243 1439 2255 244
1440 1426 1423 1441 2254 1442
5 7 247 6 2253 248
247 1444 245 1446 2252 246
7 9 1444 8 2251 1443
1444 1428 1440 1447 2250 1445
243 1423 241 1424 2249 242
241 1461 239 1463 2248 240
1423 1421 1461 1422 2247 1460
1449 1456 1461 1465 2246 1464
1451 1456 1449 1455 1465 1450
1260 1258 1453 1259 2245 1454
1453 1467 1451 1469 2244 1452
237 1471 235 1470 2243 236
1471 1467 1256 1472 2242 1473
239 1458 237 1459 2241 238
1458 1456 1471 1457 2240 1474
1414 1476 1412 1475 2239 1413
1412 1479 1410 1481 2238 1411
1476 1451 1479 1477 2237 1478
1479 1449 1419 1482 2236 1480
1264 1262 1416 1263 2235 1417
1416 1484 1414 1486 2234 1415
1262 1260 1484 1261 2233 1483
1484 1453 1476 1487 2232 1485
1496 1501 1491 1500 2231 1495
1501 802 1489 1502 2230 1503
17 19 1498 18 2229 1499
1498 1505 1496 1507 2228 1497
19 21 1505 20 2227 1504
1505 804 1501 1508 2226 1506
1408 1510 1410 1509 2225 1409
1510 1496 1493 1511 2224 1512
13 15 1406 14 2223 1405
1406 1514 1408 1516 2222 1407
15 17 1514 16 2221 1513
1514 1498 1510 1517 2220 1515
1521 1526 1519 1525 2219 1520
1519 1529 1268 1531 2218 1518
1526 796 1529 1527 2217 1528
1529 794 1270 1532 2216 1530
1491 1489 1523 1490 2215 1524
1523 1534 1521 1536 2214 1522
1489 800 1534 1488 2213 1533
1534 798 1526 1537 2212 1535
1414 1539 1416 1538 2211 1415
1416 1542 1264 1544 2210 1417
1539 1521 1542 1540 2209 1541
1542 1519 1266 1545 2208 1543
1410 1493 1412 1494 2207 1411
1412 1547 1414 1549 2206 1413
1493 1491 1547 1492 2205 1546
1547 1523 1539 1550 2204 1548
1608 1613 1567 1612 2203 1607
1565 1615 162 1618 2202 1564
1613 1615 1565 1614 1618 1617
160 1615 158 1616 2201 159
1620 1605 158 1623 2200 1622
1603 1605 1620 1604 1623 1621
1610 1625 1608 1624 2199 1609
1625 1620 1613 1626 2198 1627
1599 1601 1610 1600 2197 1611
1601 1603 1625 1602 2196 1628
1584 1630 1573 1629 2195 1583
1630 1632 1571 1631 2194 1634
1632 1608 1569 1633 2193 1635
1588 1595 1586 1594 2192 1587
1586 1637 1584 1639 2191 1585
1610 1641 1599 1640 2190 1611
1641 1637 1597 1642 2189 1643
1608 1632 1610 1633 2188 1609
1632 1630 1641 1631 2187 1644
1605 1656 156 1658 2186 1606
1651 1656 1605 1655 1658 1650
1656 1663 154 1665 2185 1657
1660 1663 1656 1662 1665 1659
147 149 1660 148 2184 1661
149 2 1663 150 2183 1666
1656 1651 1660 1655 2182 1659
1660 1653 147 1667 2181 1661
1646 1669 1601 1668 2180 1645
1669 1651 1603 1670 2179 1671
1653 1669 1646 1673 1668 2178
1651 1669 1653 1670 1673 1652
1653 1648 145 1672 2177 1654
1675 1680 1597 1679 2176 1674
1680 1646 1599 1681 2175 1682
139 141 1677 140 2174 1678
1677 1684 1675 1686 2173 1676
141 143 1684 142 2172 1683
1684 1648 1680 1687 2171 1685
1590 1689 1588 1688 2170 1589
1689 1675 1595 1690 2169 1691
135 137 1592 136 2168 1593
1592 1693 1590 1695 2167 1591
137 139 1693 138 2166 1692
1693 1677 1689 1696 2165 1694
1707 1712 1700 1711 2164 1706
1712 207 1698 1713 2163 1714
1579 1581 1709 1580 2162 1710
1709 1716 1707 1718 2161 1708
1581 211 1716 1582 2160 1715
1716 209 1712 1719 2159 1717
1586 1721 1588 1720 2158 1587
1721 1723 1704 1722 2157 1725
1723 1707 1702 1724 2156 1726
1573 1575 1584 1574 2155 1583
1584 1728 1586 1730 2154 1585
1709 1732 1579 1731 2153 1710
1732 1728 1577 1733 2152 1734
1707 1723 1709 1724 2151 1708
1723 1721 1732 1722 2150 1735
1737 1742 129 1741 2149 1736
1742 201 127 1743 2148 1744
1700 1698 1739 1699 2147 1740
1739 1746 1737 1748 2146 1738
1698 205 1746 1697 2145 1745
1746 203 1742 1749 2144 1747
1592 1751 135 1750 2143 1593
1751 1753 133 1752 2142 1755
1753 1737 131 1754 2141 1756
1588 1704 1590 1705 2140 1589
1590 1758 1592 1760 2139 1591
1739 1762 1700 1761 2138 1740
1762 1758 1702 1763 2137 1764
1737 1753 1739 1754 2136 1738
1753 1751 1762 1752 2135 1765
1552 1792 174 1794 2134 1551
1787 1792 1552 1791 1794 1786
172 1792 170 1793 2133 171
1796 1784 170 1799 2132 1798
1782 1784 1796 1783 1799 1797
1792 1787 1796 1791 2131 1795
1796 1789 1782 1800 2130 1797
1767 1802 1556 1801 2129 1766
1802 1787 1554 1803 2128 1804
1771 1778 1769 1777 2127 1770
1769 1806 1767 1808 2126 1768
1778 1780 1806 1779 2125 1805
1806 1789 1802 1809 2124 1807
1811 1816 1782 1815 2123 1810
1816 166 1784 1817 2122 1818
1816 1823 166 1825 2121 1817
1820 1823 1816 1822 1825 1819
1567 1565 1820 1566 2120 1821
1565 162 1823 1564 2119 1826
1816 1811 1820 1815 2118 1819
1820 1813 1567 1827 2117 1821
1773 1829 1771 1828 2116 1772
1829 1831 1778 1830 2115 1833
1831 1811 1780 1832 2114 1834
1575 1573 1775 1574 2113 1776
1775 1836 1773 1838 2112 1774
1813 1840 1569 1839 2111 1814
1840 1836 1571 1841 2110 1842
1811 1831 1813 1832 2109 1812
1831 1829 1840 1830 2108 1843
1852 1857 1847 1856 2107 1851
1857 219 1845 1858 2106 1859
1560 1562 1854 1561 2105 1855
1854 1861 1852 1863 2104 1853
1562 223 1861 1563 2103 1860
1861 221 1857 1864 2102 1862
1769 1866 1771 1865 2101 1770
1866 1852 1849 1867 2100 1868
1556 1558 1767 1557 2099 1766
1767 1870 1769 1872 2098 1768
1558 1560 1870 1559 2097 1869
1870 1854 1866 1873 2096 1871
1875 1880 1579 1879 2095 1874
1880 213 1581 1881 2094 1882
1847 1845 1877 1846 2093 1878
1877 1884 1875 1886 2092 1876
1845 217 1884 1844 2091 1883
1884 215 1880 1887 2090 1885
1775 1889 1575 1888 2089 1776
1889 1875 1577 1890 2088 1891
1771 1849 1773 1850 2087 1772
1773 1893 1775 1895 2086 1774
1849 1847 1893 1848 2085 1892
1893 1877 1889 1896 2084 1894
1916 1921 1907 1920 1923 2083
180 1905 178 1904 2082 179
1905 1907 1921 1906 1923 1924
1918 1926 1921 1925 1928 2081
1926 176 178 1927 177 2080
176 1926 174 1927 2079 175
1926 1918 1552 1925 1919 1929
1909 1911 1931 1910 1930 2078
1916 1931 1933 1935 1932 2077
1918 1933 1554 1936 1934 2076
227 1938 229 1937 2075 228
1938 1940 1913 1939 2074 1942
1940 1931 1911 1941 1930 1943
1931 1940 1945 1941 1944 2073
1933 1945 1556 1947 1946 2072
1940 1938 1949 1939 1948 2071
1945 1949 1558 1951 1950 2070
225 1953 227 1952 2069 226
1953 1949 1938 1954 1948 1955
223 1562 225 1563 2068 224
1562 1560 1953 1561 2067 1956
1560 1558 1949 1559 1950 1957
1959 1964 1900 1963 2066 1958
1898 1966 186 1969 2065 1897
1964 1966 1898 1965 1969 1968
1966 1974 184 1976 2064 1967
1971 1974 1966 1973 1976 1970
1907 1905 1971 1906 2063 1972
1905 180 1974 1904 2062 1977
1961 1979 1959 1978 2061 1960
1979 1971 1964 1980 2060 1981
1911 1909 1961 1910 2059 1962
1909 1907 1979 1908 2058 1982
233 1984 235 1983 2057 234
1984 1959 1902 1985 2056 1986
229 1913 231 1914 2055 230
231 1988 233 1990 2054 232
1913 1911 1988 1912 2053 1987
1988 1961 1984 1991 2052 1989
192 1993 190 1992 2051 191
1998 2004 190 2006 2050 2002
2000 2004 1998 2003 2006 1999
1900 1898 2000 1899 2049 2001
1898 186 2004 1897 2048 2007
239 2009 241 2008 2047 240
2009 1998 1995 2010 2046 2011
235 1902 237 1903 2045 236
237 2013 239 2015 2044 238
1902 1900 2013 1901 2043 2012
2013 2000 2009 2016 2042 2014
2018 2024 196 2026 2041 2017
2021 2024 2018 2023 2026 2020
1995 1993 2021 1994 2040 2022
1993 192 2024 1992 2039 2027
2018 245 2021 2019 2038 2020
2021 243 1995 2028 2037 2022
198 2030 196 2029 2036 197
2030 247 2018 2031 2035 2032
5 2030 3 2033 2034 4
247 2030 5 2031 2033 248
2030 198 3 2029 199 2034
247 245 2018 246 2019 2035
2030 2018 196 2032 2017 2036
243 241 1995 242 1996 2037
245 243 2021 244 2028 2038
192 194 2024 193 2025 2039
1993 2024 2021 2027 2023 2040
2024 194 196 2025 195 2041
2000 1998 2009 1999 2010 2042
1900 2000 2013 2001 2016 2043
2013 2009 239 2014 2008 2044
1902 2013 237 2012 2015 2045
1998 1993 1995 1997 1994 2046
2009 1995 241 2011 1996 2047
186 188 2004 187 2005 2048
1898 2004 2000 2007 2003 2049
2004 188 190 2005 189 2050
1993 1998 190 1997 2002 2051
1961 1959 1984 1960 1985 2052
1911 1961 1988 1962 1991 2053
1988 1984 233 1989 1983 2054
1913 1988 231 1987 1990 2055
1959 1900 1902 1958 1901 2056
1984 1902 235 1986 1903 2057
1907 1971 1979 1972 1980 2058
1909 1979 1961 1982 1978 2059
1971 1966 1964 1970 1965 2060
1979 1964 1959 1981 1963 2061
180 182 1974 181 1975 2062
1905 1974 1971 1977 1973 2063
1974 182 184 1975 183 2064
1966 184 186 1967 185 2065
1964 1898 1900 1968 1899 2066
1560 1949 1953 1957 1954 2067
1562 1953 225 1956 1952 2068
1953 1938 227 1955 1937 2069
1558 1556 1945 1557 1946 2070
1949 1945 1940 1951 1944 2071
1556 1554 1933 1555 1934 2072
1945 1933 1931 1947 1932 2073
1940 1911 1913 1943 1912 2074
1938 1913 229 1942 1914 2075
1554 1552 1918 1553 1919 2076
1933 1918 1916 1936 1917 2077
1931 1916 1909 1935 1915 2078
1926 1552 174 1929 1551 2079
178 1921 1926 1922 1928 2080
1921 1916 1918 1920 1917 2081
1905 1921 178 1924 1922 2082
1907 1909 1916 1908 1915 2083
1877 1875 1889 1876 1890 2084
1847 1877 1893 1878 1896 2085
1893 1889 1775 1894 1888 2086
1849 1893 1773 1892 1895 2087
1875 1579 1577 1874 1578 2088
1889 1577 1575 1891 1576 2089
215 213 1880 214 1881 2090
217 215 1884 216 1887 2091
1884 1880 1875 1885 1879 2092
1845 1884 1877 1883 1886 2093
213 211 1581 212 1582 2094
1880 1581 1579 1882 1580 2095
1854 1852 1866 1853 1867 2096
1560 1854 1870 1855 1873 2097
1870 1866 1769 1871 1865 2098
1558 1870 1767 1869 1872 2099
1852 1847 1849 1851 1848 2100
1866 1849 1771 1868 1850 2101
221 219 1857 220 1858 2102
223 221 1861 222 1864 2103
1861 1857 1852 1862 1856 2104
1562 1861 1854 1860 1863 2105
219 217 1845 218 1844 2106
1857 1845 1847 1859 1846 2107
1829 1836 1840 1837 1841 2108
1831 1840 1813 1843 1839 2109
1836 1573 1571 1835 1572 2110
1840 1571 1569 1842 1570 2111
1836 1829 1773 1837 1828 2112
1573 1836 1775 1835 1838 2113
1811 1782 1780 1810 1781 2114
1831 1780 1778 1834 1779 2115
1829 1778 1771 1833 1777 2116
1813 1569 1567 1814 1568 2117
1811 1813 1820 1812 1827 2118
162 164 1823 163 1824 2119
1565 1823 1820 1826 1822 2120
1823 164 166 1824 165 2121
166 168 1784 167 1785 2122
1816 1784 1782 1818 1783 2123
1789 1787 1802 1788 1803 2124
1780 1789 1806 1790 1809 2125
1806 1802 1767 1807 1801 2126
1778 1806 1769 1805 1808 2127
1787 1552 1554 1786 1553 2128
1802 1554 1556 1804 1555 2129
1789 1780 1782 1790 1781 2130
1787 1789 1796 1788 1800 2131
1784 168 170 1785 169 2132
1792 1796 170 1795 1798 2133
1792 172 174 1793 173 2134
1751 1758 1762 1759 1763 2135
1753 1762 1739 1765 1761 2136
1758 1704 1702 1757 1703 2137
1762 1702 1700 1764 1701 2138
1758 1751 1592 1759 1750 2139
1704 1758 1590 1757 1760 2140
1737 129 131 1736 130 2141
1753 131 133 1756 132 2142
1751 133 135 1755 134 2143
203 201 1742 202 1743 2144
205 203 1746 204 1749 2145
1746 1742 1737 1747 1741 2146
1698 1746 1739 1745 1748 2147
201 125 127 200 126 2148
1742 127 129 1744 128 2149
1721 1728 1732 1729 1733 2150
1723 1732 1709 1735 1731 2151
1728 1575 1577 1727 1576 2152
1732 1577 1579 1734 1578 2153
1728 1721 1586 1729 1720 2154
1575 1728 1584 1727 1730 2155
1707 1700 1702 1706 1701 2156
1723 1702 1704 1726 1703 2157
1721 1704 1588 1725 1705 2158
209 207 1712 208 1713 2159
211 209 1716 210 1719 2160
1716 1712 1707 1717 1711 2161
1581 1716 1709 1715 1718 2162
207 205 1698 206 1697 2163
1712 1698 1700 1714 1699 2164
1677 1675 1689 1676 1690 2165
139 1677 1693 1678 1696 2166
1693 1689 1590 1694 1688 2167
137 1693 1592 1692 1695 2168
1675 1597 1595 1674 1596 2169
1689 1595 1588 1691 1594 2170
1648 1646 1680 1647 1681 2171
143 1648 1684 1649 1687 2172
1684 1680 1675 1685 1679 2173
141 1684 1677 1683 1686 2174
1646 1601 1599 1645 1600 2175
1680 1599 1597 1682 1598 2176
1648 143 145 1649 144 2177
1646 1648 1653 1647 1672 2178
1651 1605 1603 1650 1604 2179
1669 1603 1601 1671 1602 2180
1653 145 147 1654 146 2181
1651 1653 1660 1652 1667 2182
2 152 1663 151 1664 2183
149 1663 1660 1666 1662 2184
1663 152 154 1664 153 2185
1656 154 156 1657 155 2186
1630 1637 1641 1638 1642 2187
1632 1641 1610 1644 1640 2188
1637 1595 1597 1636 1596 2189
1641 1597 1599 1643 1598 2190
1637 1630 1584 1638 1629 2191
1595 1637 1586 1636 1639 2192
1608 1567 1569 1607 1568 2193
1632 1569 1571 1635 1570 2194
1630 1571 1573 1634 1572 2195
1603 1620 1625 1621 1626 2196
1601 1625 1610 1628 1624 2197
1620 1615 1613 1619 1614 2198
1625 1613 1608 1627 1612 2199
1605 156 158 1606 157 2200
1615 1620 158 1619 1622 2201
1615 160 162 1616 161 2202
1613 1565 1567 1617 1566 2203
1523 1521 1539 1522 1540 2204
1491 1523 1547 1524 1550 2205
1547 1539 1414 1548 1538 2206
1493 1547 1412 1546 1549 2207
1519 1268 1266 1518 1267 2208
1521 1519 1542 1520 1545 2209
1542 1266 1264 1543 1265 2210
1539 1542 1416 1541 1544 2211
798 796 1526 797 1527 2212
800 798 1534 799 1537 2213
1534 1526 1521 1535 1525 2214
1489 1534 1523 1533 1536 2215
794 792 1270 793 1271 2216
796 794 1529 795 1532 2217
1529 1270 1268 1530 1269 2218
1526 1529 1519 1528 1531 2219
1498 1496 1510 1497 1511 2220
17 1498 1514 1499 1517 2221
1514 1510 1408 1515 1509 2222
15 1514 1406 1513 1516 2223
1496 1491 1493 1495 1492 2224
1510 1493 1410 1512 1494 2225
804 802 1501 803 1502 2226
21 804 1505 805 1508 2227
1505 1501 1496 1506 1500 2228
19 1505 1498 1504 1507 2229
802 800 1489 801 1488 2230
1501 1489 1491 1503 1490 2231
1453 1451 1476 1452 1477 2232
1260 1453 1484 1454 1487 2233
1484 1476 1414 1485 1475 2234
1262 1484 1416 1483 1486 2235
1449 1421 1419 1448 1420 2236
1451 1449 1479 1450 1482 2237
1479 1419 1410 1480 1418 2238
1476 1479 1412 1478 1481 2239
1456 1467 1471 1468 1472 2240
1458 1471 237 1474 1470 2241
1467 1258 1256 1466 1257 2242
1471 1256 235 1473 1255 2243
1467 1456 1451 1468 1455 2244
1258 1467 1453 1466 1469 2245
1456 1458 1461 1457 1462 2246
1421 1449 1461 1448 1464 2247
1461 1458 239 1462 1459 2248
1423 1461 241 1460 1463 2249
1428 1426 1440 1427 1441 2250
9 1428 1444 1429 1447 2251
1444 1440 245 1445 1439 2252
7 1444 247 1443 1446 2253
1426 1421 1423 1425 1422 2254
1440 1423 243 1442 1424 2255
1406 1408 1431 1407 1432 2256
13 1406 1435 1405 1438 2257
1435 1431 1426 1436 1430 2258
11 1435 1428 1434 1437 2259
1408 1410 1419 1409 1418 2260
1431 1419 1421 1433 1420 2261
1390 1397 1401 1398 1402 2262
1392 1401 1378 1404 1400 2263
1397 1343 1341 1396 1342 2264
1401 1341 1339 1403 1340 2265
1397 1390 1281 1398 1389 2266
1343 1397 1279 1396 1399 2267
1376 262 260 1375 261 2268
1392 260 258 1395 259 2269
1390 258 256 1394 257 2270
784 782 1381 783 1382 2271
786 784 1385 785 1388 2272
1385 1381 1376 1386 1380 2273
1337 1385 1378 1384 1387 2274
782 266 264 781 265 2275
1381 264 262 1383 263 2276
1360 1367 1371 1368 1372 2277
1362 1371 1348 1374 1370 2278
1367 1264 1266 1366 1265 2279
1371 1266 1268 1373 1267 2280
1367 1360 1275 1368 1359 2281
1264 1367 1273 1366 1369 2282
1346 1339 1341 1345 1340 2283
1362 1341 1343 1365 1342 2284
1360 1343 1277 1364 1344 2285
790 788 1351 789 1352 2286
792 790 1355 791 1358 2287
1355 1351 1346 1356 1350 2288
1270 1355 1348 1354 1357 2289
788 786 1337 787 1336 2290
1351 1337 1339 1353 1338 2291
1316 1314 1328 1315 1329 2292
1286 1316 1332 1317 1335 2293
1332 1328 225 1333 1327 2294
1288 1332 227 1331 1334 2295
1314 252 250 1313 251 2296
1328 250 223 1330 249 2297
1279 1281 1319 1280 1320 2298
1277 1279 1323 1278 1326 2299
1323 1319 1314 1324 1318 2300
1284 1323 1316 1322 1325 2301
1281 256 254 1282 255 2302
1319 254 252 1321 253 2303
1293 1291 1305 1292 1306 2304
1258 1293 1309 1294 1312 2305
1309 1305 231 1310 1304 2306
1256 1309 233 1308 1311 2307
1291 1286 1288 1290 1287 2308
1305 1288 229 1307 1289 2309
1273 1275 1296 1274 1297 2310
1262 1273 1300 1272 1303 2311
1300 1296 1291 1301 1295 2312
1260 1300 1293 1299 1302 2313
1275 1277 1284 1276 1283 2314
1296 1284 1286 1298 1285 2315
1233 1247 1251 1248 1252 2316
1235 1251 1207 1254 1250 2317
1247 1163 1161 1246 1162 2318
1251 1161 1159 1253 1160 2319
1247 1233 1003 1248 1232 2320
1163 1247 1001 1246 1249 2321
31 1238 1242 1239 1243 2322
29 1242 1203 1245 1241 2323
1238 1233 1235 1237 1234 2324
1242 1235 1205 1244 1236 2325
1238 31 33 1239 32 2326
1233 1238 1005 1237 1240 2327
1210 1224 1228 1225 1229 2328
1212 1228 800 1231 1227 2329
1224 1157 1155 1223 1156 2330
1228 1155 798 1230 1154 2331
1224 1210 1205 1225 1209 2332
1157 1224 1207 1223 1226 2333
25 1215 1219 1216 1220 2334
23 1219 804 1222 1218 2335
1215 1210 1212 1214 1211 2336
1219 1212 802 1221 1213 2337
1215 25 27 1216 26 2338
1210 1215 1203 1214 1217 2339
1187 1194 1198 1195 1199 2340
1189 1198 1168 1201 1197 2341
1194 815 813 1193 814 2342
1198 813 811 1200 812 2343
1194 1187 997 1195 1186 2344
815 1194 995 1193 1196 2345
1166 1159 1161 1165 1160 2346
1189 1161 1163 1192 1162 2347
1187 1163 999 1191 1164 2348
1171 1178 1182 1179 1183 2349
1173 1182 794 1185 1181 2350
1178 809 807 1177 808 2351
1182 807 792 1184 806 2352
1178 1171 1166 1179 1170 2353
809 1178 1168 1177 1180 2354
796 798 1155 797 1154 2355
1173 1155 1157 1176 1156 2356
1171 1157 1159 1175 1158 2357
1124 1142 1150 1143 1151 2358
1126 1150 1072 1153 1149 2359
1142 37 39 1141 38 2360
1150 39 41 1152 40 2361
1003 1005 1145 1004 1146 2362
1122 1145 1142 1148 1144 2363
1005 33 35 1006 34 2364
1145 35 37 1147 36 2365
1010 1129 1137 1130 1138 2366
1012 1137 1068 1140 1136 2367
1129 1124 1126 1128 1125 2368
1137 1126 1070 1139 1127 2369
999 1001 1132 1000 1133 2370
1008 1132 1129 1135 1131 2371
1001 1003 1122 1002 1121 2372
1132 1122 1124 1134 1123 2373
1079 1077 1109 1078 1110 2374
45 1079 1117 1080 1120 2375
1117 1109 1070 1118 1108 2376
43 1117 1072 1116 1119 2377
1075 1018 1016 1074 1017 2378
1077 1075 1112 1076 1115 2379
1112 1016 1014 1113 1015 2380
1109 1112 1068 1111 1114 2381
49 1096 1104 1097 1105 2382
47 1104 1079 1107 1103 2383
1096 1084 1082 1095 1083 2384
1104 1082 1077 1106 1081 2385
1 54 1099 53 1100 2386
51 1099 1096 1102 1098 2387
1099 54 56 1100 55 2388
1075 1077 1082 1076 1081 2389
1018 1075 1087 1074 1094 2390
56 58 1090 57 1091 2391
1084 1090 1087 1093 1089 2392
1090 58 60 1091 59 2393
1052 1059 1063 1060 1064 2394
1054 1063 1025 1066 1062 2395
1059 1008 1010 1058 1009 2396
1063 1010 1012 1065 1011 2397
1059 1052 995 1060 1051 2398
1008 1059 997 1058 1061 2399
1023 823 821 1022 822 2400
1054 821 819 1057 820 2401
1052 819 817 1056 818 2402
1030 1028 1043 1029 1044 2403
1016 1030 1047 1031 1050 2404
1047 1043 1023 1048 1042 2405
1014 1047 1025 1046 1049 2406
1028 827 825 1027 826 2407
1043 825 823 1045 824 2408
1030 1016 1018 1031 1017 2409
1028 1030 1037 1029 1041 2410
1020 60 62 1021 61 2411
1033 1037 62 1036 1039 2412
1033 64 66 1034 65 2413
979 986 990 987 991 2414
981 990 967 993 989 2415
986 932 930 985 931 2416
990 930 928 992 929 2417
986 979 838 987 978 2418
932 986 836 985 988 2419
965 809 811 964 810 2420
981 811 813 984 812 2421
979 813 815 983 814 2422
788 790 970 789 971 2423
786 788 974 787 977 2424
974 970 965 975 969 2425
926 974 967 973 976 2426
790 792 807 791 806 2427
970 807 809 972 808 2428
949 956 960 957 961 2429
951 960 937 963 959 2430
956 274 272 955 273 2431
960 272 270 962 271 2432
956 949 832 957 948 2433
274 956 830 955 958 2434
935 928 930 934 929 2435
951 930 932 954 931 2436
949 932 834 953 933 2437
782 784 940 783 941 2438
266 782 944 781 947 2439
944 940 935 945 939 2440
268 944 937 943 946 2441
784 786 926 785 925 2442
940 926 928 942 927 2443
819 821 916 820 917 2444
817 920 838 923 919 2445
920 916 905 921 915 2446
821 823 912 822 913 2447
916 912 907 918 911 2448
823 825 900 824 901 2449
912 900 898 914 899 2450
907 843 841 910 842 2451
905 841 834 909 840 2452
825 827 885 826 886 2453
900 885 883 903 884 2454
898 883 845 902 882 2455
893 827 66 896 828 2456
70 888 893 889 895 2457
888 883 885 887 884 2458
849 888 70 891 889 2459
847 845 883 846 882 2460
854 852 874 853 875 2461
843 854 878 855 881 2462
878 874 830 879 873 2463
841 878 832 877 880 2464
852 280 278 851 279 2465
874 278 276 876 277 2466
847 864 869 865 870 2467
845 869 854 872 868 2468
864 859 857 863 858 2469
869 857 852 871 856 2470
849 72 74 850 73 2471
859 864 74 863 866 2472
859 76 78 860 77 2473
857 282 280 861 281 2474
766 773 777 774 778 2475
768 777 754 780 776 2476
773 715 713 772 714 2477
777 713 711 779 712 2478
773 766 305 774 765 2479
715 773 303 772 775 2480
752 252 254 751 253 2481
768 254 256 771 255 2482
766 256 258 770 257 2483
219 221 757 220 758 2484
217 219 761 218 764 2485
761 757 752 762 756 2486
709 761 754 760 763 2487
221 223 250 222 249 2488
757 250 252 759 251 2489
734 732 743 733 744 2490
619 734 747 735 750 2491
747 743 299 748 742 2492
621 747 297 746 749 2493
732 713 715 731 714 2494
743 715 301 745 716 2495
615 720 738 721 739 2496
617 738 734 741 737 2497
720 718 732 719 736 2498
713 732 718 731 736 2499
213 215 723 214 724 2500
211 213 727 212 730 2501
727 723 718 728 722 2502
613 727 720 726 729 2503
215 217 709 216 708 2504
723 709 711 725 710 2505
695 693 700 694 701 2506
672 695 704 696 707 2507
704 700 632 705 699 2508
674 704 630 703 706 2509
693 115 117 692 116 2510
700 117 119 702 118 2511
695 672 289 696 671 2512
693 695 287 694 698 2513
115 693 285 692 697 2514
679 677 684 678 685 2515
621 679 688 680 691 2516
688 684 626 689 683 2517
619 688 624 687 690 2518
677 672 674 676 673 2519
684 674 628 686 675 2520
679 621 295 680 622 2521
677 679 293 678 682 2522
672 677 291 676 681 2523
658 656 663 657 664 2524
635 658 667 659 670 2525
667 663 201 668 662 2526
637 667 203 666 669 2527
656 121 123 655 122 2528
663 123 125 665 124 2529
658 635 628 659 634 2530
656 658 630 657 661 2531
121 656 632 655 660 2532
642 640 647 641 648 2533
615 642 651 643 654 2534
651 647 207 652 646 2535
613 651 209 650 653 2536
640 635 637 639 636 2537
647 637 205 649 638 2538
642 615 617 643 616 2539
640 642 624 641 645 2540
635 640 626 639 644 2541
597 604 608 605 609 2542
599 608 585 611 607 2543
604 550 548 603 549 2544
608 548 546 610 547 2545
604 597 448 605 596 2546
550 604 446 603 606 2547
583 262 264 582 263 2548
599 264 266 602 265 2549
597 266 268 601 267 2550
303 305 588 304 589 2551
301 303 592 302 595 2552
592 588 583 593 587 2553
544 592 585 591 594 2554
305 258 260 306 259 2555
588 260 262 590 261 2556
567 574 578 575 579 2557
569 578 555 581 577 2558
574 314 312 573 313 2559
578 312 310 580 311 2560
574 567 442 575 566 2561
314 574 440 573 576 2562
553 546 548 552 547 2563
569 548 550 572 549 2564
567 550 444 571 551 2565
297 299 558 298 559 2566
295 297 562 296 565 2567
562 558 553 563 557 2568
308 562 555 561 564 2569
299 301 544 300 543 2570
558 544 546 560 545 2571
528 535 539 536 540 2572
530 539 498 542 538 2573
535 270 272 534 271 2574
539 272 274 541 273 2575
535 528 446 536 527 2576
270 535 448 534 537 2577
496 455 453 495 454 2578
530 453 451 533 452 2579
528 451 444 532 450 2580
503 501 519 502 520 2581
278 503 523 504 526 2582
523 519 496 524 518 2583
276 523 498 522 525 2584
501 459 457 500 458 2585
519 457 455 521 456 2586
503 278 280 504 279 2587
501 503 510 502 517 2588
78 80 513 79 514 2589
282 513 510 516 512 2590
513 80 82 514 81 2591
506 82 84 507 83 2592
464 462 487 463 488 2593
453 464 491 465 494 2594
491 487 440 492 486 2595
451 491 442 490 493 2596
462 320 318 461 319 2597
487 318 316 489 317 2598
457 474 482 475 483 2599
455 482 464 485 481 2600
474 469 467 473 468 2601
482 467 462 484 466 2602
84 86 477 85 478 2603
459 477 474 480 476 2604
477 86 88 478 87 2605
469 88 90 470 89 2606
467 322 320 471 321 2607
426 424 431 425 432 2608
403 426 435 427 438 2609
435 431 333 436 430 2610
405 435 331 434 437 2611
424 308 310 423 309 2612
431 310 312 433 311 2613
426 403 289 427 402 2614
424 426 291 425 429 2615
308 424 293 423 428 2616
410 408 415 409 416 2617
111 410 419 411 422 2618
419 415 327 420 414 2619
109 419 325 418 421 2620
408 403 405 407 404 2621
415 405 329 417 406 2622
410 111 113 411 112 2623
408 410 285 409 413 2624
403 408 287 407 412 2625
387 394 398 395 399 2626
389 398 371 401 397 2627
394 314 316 393 315 2628
398 316 318 400 317 2629
394 387 331 395 386 2630
314 394 333 393 396 2631
369 340 338 368 339 2632
389 338 336 392 337 2633
387 336 329 391 335 2634
371 318 320 372 319 2635
369 371 378 370 385 2636
90 92 381 91 382 2637
322 381 378 384 380 2638
381 92 94 382 93 2639
94 96 342 95 343 2640
374 342 340 376 341 2641
347 345 360 346 361 2642
338 347 364 348 367 2643
364 360 325 365 359 2644
336 364 327 363 366 2645
345 103 105 344 104 2646
360 105 107 362 106 2647
347 338 340 348 339 2648
345 347 354 346 358 2649
342 96 98 343 97 2650
350 354 98 353 356 2651
350 100 0 351 101 2652
