1296
466 471 481 464 470 480 483 465
464 481 451 453 483 482 452 463
471 473 478 481 472 477 484 480
481 478 449 451 484 479 450 482
434 486 475 432 485 488 476 433
486 478 473 475 487 477 474 488
436 447 486 434 446 489 485 435
447 449 478 486 448 479 487 489
403 405 494 468 404 493 496 469
468 494 471 466 496 495 470 467
405 407 491 494 406 490 497 493
494 491 473 471 497 492 472 495
430 499 409 411 498 501 410 429
499 491 407 409 500 490 408 501
432 475 499 430 476 502 498 431
475 473 491 499 474 492 500 502
506 511 514 504 510 513 516 505
504 514 455 457 516 515 456 503
511 466 464 514 512 465 517 513
514 464 453 455 517 463 454 515
399 401 519 508 400 518 521 509
508 519 511 506 521 520 510 507
401 403 468 519 402 469 522 518
519 468 466 511 522 467 512 520
372 524 529 370 523 528 531 371
370 529 461 368 531 530 462 369
504 533 526 506 532 535 527 505
533 529 524 526 534 528 525 535
457 459 533 504 458 536 532 503
459 461 529 533 460 530 534 536
376 395 538 374 394 537 540 375
374 538 524 372 540 539 523 373
508 542 397 399 541 544 398 509
542 538 395 397 543 537 396 544
506 526 542 508 527 545 541 507
526 524 538 542 525 539 543 545
549 556 566 547 555 565 568 548
547 566 311 313 568 567 312 546
556 558 563 566 557 562 569 565
566 563 309 311 569 564 310 567
558 560 571 563 559 570 573 562
563 571 307 309 573 572 308 564
560 442 444 571 561 443 574 570
571 444 305 307 574 445 306 572
576 581 451 449 580 583 450 575
581 553 453 451 582 554 452 583
578 585 581 576 584 587 580 577
585 551 553 581 586 552 582 587
558 556 585 578 557 588 584 579
556 549 551 585 555 550 586 588
438 590 447 436 589 592 446 437
590 576 449 447 591 575 448 592
440 594 590 438 593 596 589 439
594 578 576 590 595 577 591 596
442 560 594 440 561 597 593 441
560 558 578 594 559 579 595 597
608 611 599 601 610 613 600 607
611 360 362 599 612 361 598 613
319 321 611 608 320 614 610 609
321 323 360 611 322 359 612 614
601 603 616 608 602 615 618 607
608 616 317 319 618 617 318 609
603 605 620 616 604 619 622 615
616 620 315 317 622 621 316 617
605 549 547 620 606 548 623 619
620 547 313 315 623 546 314 621
625 630 461 459 629 632 460 624
630 366 368 461 631 367 462 632
627 634 630 625 633 636 629 626
634 364 366 630 635 365 631 636
601 599 634 627 600 637 633 628
599 362 364 634 598 363 635 637
553 639 455 453 638 643 454 554
639 641 457 455 640 644 456 643
641 625 459 457 642 624 458 644
549 605 646 551 606 645 648 550
551 646 639 553 648 647 638 552
627 650 603 601 649 652 602 628
650 646 605 603 651 645 604 652
625 641 650 627 642 653 649 626
641 639 646 650 640 647 651 653
674 679 689 672 678 688 691 673
672 689 659 661 691 690 660 671
679 681 686 689 680 685 692 688
689 686 657 659 692 687 658 690
98 694 683 96 693 696 684 97
694 686 681 683 695 685 682 696
100 655 694 98 654 697 693 99
655 657 686 694 656 687 695 697
421 423 702 676 422 701 704 677
676 702 679 674 704 703 678 675
423 425 699 702 424 698 705 701
702 699 681 679 705 700 680 703
425 427 707 699 426 706 709 698
699 707 683 681 709 708 682 700
427 92 94 707 428 93 710 706
707 94 96 683 710 95 684 708
714 719 722 712 718 721 724 713
712 722 663 665 724 723 664 711
719 674 672 722 720 673 725 721
722 672 661 663 725 671 662 723
417 419 727 716 418 726 729 717
716 727 719 714 729 728 718 715
419 421 676 727 420 677 730 726
727 676 674 719 730 675 720 728
432 732 737 434 731 736 739 433
434 737 669 436 739 738 670 435
712 741 734 714 740 743 735 713
741 737 732 734 742 736 733 743
665 667 741 712 666 744 740 711
667 669 737 741 668 738 742 744
411 413 746 430 412 745 748 429
430 746 732 432 748 747 731 431
413 415 750 746 414 749 752 745
746 750 734 732 752 751 733 747
415 417 716 750 416 717 753 749
750 716 714 734 753 715 735 751
771 774 764 766 773 776 765 770
774 755 757 764 775 756 763 776
291 293 774 771 292 777 773 772
293 295 755 774 294 754 775 777
108 779 768 106 778 781 769 107
779 771 766 768 780 770 767 781
110 289 779 108 288 782 778 109
289 291 771 779 290 772 780 782
784 789 659 657 788 791 658 783
789 761 661 659 790 762 660 791
786 793 789 784 792 795 788 785
793 759 761 789 794 760 790 795
766 764 793 786 765 796 792 787
764 757 759 793 763 758 794 796
102 798 655 100 797 800 654 101
798 784 657 655 799 783 656 800
104 802 798 102 801 804 797 103
802 786 784 798 803 785 799 804
106 768 802 104 769 805 801 105
768 766 786 802 767 787 803 805
816 819 807 809 818 821 808 815
819 444 442 807 820 443 806 821
301 303 819 816 302 822 818 817
303 305 444 819 304 445 820 822
809 811 824 816 810 823 826 815
816 824 299 301 826 825 300 817
755 828 813 757 827 830 814 756
828 824 811 813 829 823 812 830
295 297 828 755 296 831 827 754
297 299 824 828 298 825 829 831
833 838 669 667 837 840 668 832
838 438 436 669 839 437 670 840
835 842 838 833 841 844 837 834
842 440 438 838 843 439 839 844
809 807 842 835 808 845 841 836
807 442 440 842 806 441 843 845
667 665 847 833 666 846 851 832
833 847 849 835 851 848 852 834
835 849 811 809 852 850 810 836
761 854 663 661 853 856 662 762
854 847 665 663 855 846 664 856
757 813 858 759 814 857 860 758
759 858 854 761 860 859 853 760
813 811 849 858 812 850 861 857
858 849 847 854 861 848 855 859
911 914 904 906 913 916 905 910
914 897 899 904 915 898 903 916
882 884 914 911 883 917 913 912
884 886 897 914 885 896 915 917
906 908 919 911 907 918 921 910
911 919 880 882 921 920 881 912
908 865 867 919 909 866 922 918
919 867 869 880 922 868 879 920
924 927 51 53 926 929 52 923
927 901 49 51 928 902 50 929
906 904 927 924 905 930 926 925
904 899 901 927 903 900 928 930
863 932 55 57 931 934 56 862
932 924 53 55 933 923 54 934
865 908 932 863 909 935 931 864
908 906 924 932 907 925 933 935
937 947 888 890 946 949 889 936
947 897 886 888 948 896 887 949
939 944 947 937 943 950 946 938
944 899 897 947 945 898 948 950
941 952 944 939 951 954 943 940
952 901 899 944 953 900 945 954
45 47 952 941 46 955 951 942
47 49 901 952 48 902 953 955
390 957 962 388 956 961 964 389
388 962 894 386 964 963 895 387
957 959 966 962 958 965 968 961
962 966 892 894 968 967 893 963
959 939 937 966 960 938 969 965
966 937 890 892 969 936 891 967
39 41 971 392 40 970 973 393
392 971 957 390 973 972 956 391
941 975 43 45 974 977 44 942
975 971 41 43 976 970 42 977
939 959 975 941 960 978 974 940
959 957 971 975 958 972 976 978
996 999 989 991 998 1001 990 995
999 980 982 989 1000 981 988 1001
407 405 999 996 406 1002 998 997
405 403 980 999 404 979 1000 1002
877 1004 993 875 1003 1006 994 876
1004 996 991 993 1005 995 992 1006
411 409 1004 877 410 1007 1003 878
409 407 996 1004 408 997 1005 1007
1009 1014 884 882 1013 1016 883 1008
1014 986 886 884 1015 987 885 1016
991 989 1018 1011 990 1017 1020 1012
1011 1018 1014 1009 1020 1019 1013 1010
989 982 984 1018 988 983 1021 1017
1018 984 986 1014 1021 985 1015 1019
871 1023 880 869 1022 1025 879 870
1023 1009 882 880 1024 1008 881 1025
873 1027 1023 871 1026 1029 1022 872
1027 1011 1009 1023 1028 1010 1024 1029
875 993 1027 873 994 1030 1026 874
993 991 1011 1027 992 1012 1028 1030
1032 1044 401 399 1043 1046 400 1031
1044 980 403 401 1045 979 402 1046
1034 1041 1044 1032 1040 1047 1043 1033
1041 982 980 1044 1042 981 1045 1047
1036 1049 1041 1034 1048 1051 1040 1035
1049 984 982 1041 1050 983 1042 1051
1038 1053 1049 1036 1052 1055 1048 1037
1053 986 984 1049 1054 985 1050 1055
890 888 1053 1038 889 1056 1052 1039
888 886 986 1053 887 987 1054 1056
380 1058 1063 378 1057 1062 1065 379
378 1063 395 376 1065 1064 394 377
1032 1067 1060 1034 1066 1069 1061 1033
1067 1063 1058 1060 1068 1062 1059 1069
399 397 1067 1032 398 1070 1066 1031
397 395 1063 1067 396 1064 1068 1070
386 894 1072 384 895 1071 1076 385
384 1072 1074 382 1076 1073 1077 383
382 1074 1058 380 1077 1075 1057 381
1038 1079 892 890 1078 1081 891 1039
1079 1072 894 892 1080 1071 893 1081
1036 1083 1079 1038 1082 1085 1078 1037
1083 1074 1072 1079 1084 1073 1080 1085
1034 1060 1083 1036 1061 1086 1082 1035
1060 1058 1074 1083 1059 1075 1084 1086
1119 1122 1112 1114 1121 1124 1113 1118
1122 1088 1090 1112 1123 1089 1111 1124
61 63 1122 1119 62 1125 1121 1120
63 65 1088 1122 64 1087 1123 1125
1114 1116 1127 1119 1115 1126 1129 1118
1119 1127 59 61 1129 1128 60 1120
1116 865 863 1127 1117 864 1130 1126
1127 863 57 59 1130 862 58 1128
1132 1135 1105 1107 1134 1137 1106 1131
1135 1092 1094 1105 1136 1093 1104 1137
1114 1112 1135 1132 1113 1138 1134 1133
1112 1090 1092 1135 1111 1091 1136 1138
1107 1109 1140 1132 1108 1139 1142 1131
1132 1140 1116 1114 1142 1141 1115 1133
1109 869 867 1140 1110 868 1143 1139
1140 867 865 1116 1143 866 1117 1141
1152 1155 1145 1147 1154 1157 1146 1151
1155 1096 1098 1145 1156 1097 1144 1157
1107 1105 1155 1152 1106 1158 1154 1153
1105 1094 1096 1155 1104 1095 1156 1158
871 1160 1149 873 1159 1162 1150 872
1160 1152 1147 1149 1161 1151 1148 1162
869 1109 1160 871 1110 1163 1159 870
1109 1107 1152 1160 1108 1153 1161 1163
1165 1170 417 415 1169 1172 416 1164
1170 1102 419 417 1171 1103 418 1172
1167 1174 1170 1165 1173 1176 1169 1166
1174 1100 1102 1170 1175 1101 1171 1176
1147 1145 1174 1167 1146 1177 1173 1168
1145 1098 1100 1174 1144 1099 1175 1177
877 1179 413 411 1178 1181 412 878
1179 1165 415 413 1180 1164 414 1181
873 1149 1183 875 1150 1182 1185 874
875 1183 1179 877 1185 1184 1178 876
1149 1147 1167 1183 1148 1168 1186 1182
1183 1167 1165 1179 1186 1166 1180 1184
1197 1207 1188 1190 1206 1209 1189 1196
1207 80 82 1188 1208 81 1187 1209
1199 1204 1207 1197 1203 1210 1206 1198
1204 78 80 1207 1205 79 1208 1210
1201 1212 1204 1199 1211 1214 1203 1200
1212 76 78 1204 1213 77 1205 1214
71 73 1212 1201 72 1215 1211 1202
73 1 76 1212 74 75 1213 1215
1090 1217 1222 1092 1216 1221 1224 1091
1092 1222 1194 1094 1224 1223 1195 1093
1197 1226 1219 1199 1225 1228 1220 1198
1226 1222 1217 1219 1227 1221 1218 1228
1190 1192 1226 1197 1191 1229 1225 1196
1192 1194 1222 1226 1193 1223 1227 1229
65 67 1231 1088 66 1230 1233 1087
1088 1231 1217 1090 1233 1232 1216 1089
67 69 1235 1231 68 1234 1237 1230
1231 1235 1219 1217 1237 1236 1218 1232
69 71 1201 1235 70 1202 1238 1234
1235 1201 1199 1219 1238 1200 1220 1236
1240 1252 427 425 1251 1254 426 1239
1252 90 92 427 1253 91 428 1254
1242 1249 1252 1240 1248 1255 1251 1241
1249 88 90 1252 1250 89 1253 1255
1244 1257 1249 1242 1256 1259 1248 1243
1257 86 88 1249 1258 87 1250 1259
1246 1261 1257 1244 1260 1263 1256 1245
1261 84 86 1257 1262 85 1258 1263
1190 1188 1261 1246 1189 1264 1260 1247
1188 82 84 1261 1187 83 1262 1264
1100 1266 1271 1102 1265 1270 1273 1101
1102 1271 421 419 1273 1272 420 1103
1240 1275 1268 1242 1274 1277 1269 1241
1275 1271 1266 1268 1276 1270 1267 1277
425 423 1275 1240 424 1278 1274 1239
423 421 1271 1275 422 1272 1276 1278
1098 1280 1266 1100 1279 1284 1265 1099
1280 1282 1268 1266 1281 1285 1267 1284
1282 1244 1242 1268 1283 1243 1269 1285
1094 1194 1287 1096 1195 1286 1289 1095
1096 1287 1280 1098 1289 1288 1279 1097
1246 1291 1192 1190 1290 1293 1191 1247
1291 1287 1194 1192 1292 1286 1193 1293
1244 1282 1291 1246 1283 1294 1290 1245
1282 1280 1287 1291 1281 1288 1292 1294
1379 1382 1372 1374 1381 1384 1373 1378
1382 1348 1350 1372 1383 1349 1371 1384
1333 1335 1382 1379 1334 1385 1381 1380
1335 1337 1348 1382 1336 1347 1383 1385
1310 1387 1376 1308 1386 1389 1377 1309
1387 1379 1374 1376 1388 1378 1375 1389
1312 1331 1387 1310 1330 1390 1386 1311
1331 1333 1379 1387 1332 1380 1388 1390
1392 1395 1365 1367 1394 1397 1366 1391
1395 1352 1354 1365 1396 1353 1364 1397
1374 1372 1395 1392 1373 1398 1394 1393
1372 1350 1352 1395 1371 1351 1396 1398
1306 1400 1369 1304 1399 1402 1370 1305
1400 1392 1367 1369 1401 1391 1368 1402
1308 1376 1400 1306 1377 1403 1399 1307
1376 1374 1392 1400 1375 1393 1401 1403
1412 1415 1405 1407 1414 1417 1406 1411
1415 1356 1358 1405 1416 1357 1404 1417
1367 1365 1415 1412 1366 1418 1414 1413
1365 1354 1356 1415 1364 1355 1416 1418
1302 1420 1409 1300 1419 1422 1410 1301
1420 1412 1407 1409 1421 1411 1408 1422
1304 1369 1420 1302 1370 1423 1419 1303
1369 1367 1412 1420 1368 1413 1421 1423
1425 1430 335 337 1429 1432 336 1424
1430 1362 333 335 1431 1363 334 1432
1427 1434 1430 1425 1433 1436 1429 1426
1434 1360 1362 1430 1435 1361 1431 1436
1407 1405 1434 1427 1406 1437 1433 1428
1405 1358 1360 1434 1404 1359 1435 1437
1296 1439 339 341 1438 1441 340 1295
1439 1425 337 339 1440 1424 338 1441
1298 1443 1439 1296 1442 1445 1438 1297
1443 1427 1425 1439 1444 1426 1440 1445
1300 1409 1443 1298 1410 1446 1442 1299
1409 1407 1427 1443 1408 1428 1444 1446
1459 1464 1467 1457 1463 1466 1469 1458
1457 1467 1448 1450 1469 1468 1449 1456
1464 372 370 1467 1465 371 1470 1466
1467 370 368 1448 1470 369 1447 1468
1343 1345 1472 1461 1344 1471 1474 1462
1461 1472 1464 1459 1474 1473 1463 1460
1345 376 374 1472 1346 375 1475 1471
1472 374 372 1464 1475 373 1465 1473
1350 1477 1482 1352 1476 1481 1484 1351
1352 1482 1454 1354 1484 1483 1455 1353
1477 1479 1486 1482 1478 1485 1488 1481
1482 1486 1452 1454 1488 1487 1453 1483
1479 1459 1457 1486 1480 1458 1489 1485
1486 1457 1450 1452 1489 1456 1451 1487
1337 1339 1491 1348 1338 1490 1493 1347
1348 1491 1477 1350 1493 1492 1476 1349
1461 1495 1341 1343 1494 1497 1342 1462
1495 1491 1339 1341 1496 1490 1340 1497
1459 1479 1495 1461 1480 1498 1494 1460
1479 1477 1491 1495 1478 1492 1496 1498
1502 1509 1512 1500 1508 1511 1514 1501
1500 1512 325 327 1514 1513 326 1499
1509 362 360 1512 1510 361 1515 1511
1512 360 323 325 1515 359 324 1513
1504 1517 1509 1502 1516 1519 1508 1503
1517 364 362 1509 1518 363 1510 1519
1450 1448 1521 1506 1449 1520 1523 1507
1506 1521 1517 1504 1523 1522 1516 1505
1448 368 366 1521 1447 367 1524 1520
1521 366 364 1517 1524 365 1518 1522
1360 1526 1531 1362 1525 1530 1533 1361
1362 1531 331 333 1533 1532 332 1363
1526 1528 1535 1531 1527 1534 1537 1530
1531 1535 329 331 1537 1536 330 1532
1528 1502 1500 1535 1529 1501 1538 1534
1535 1500 327 329 1538 1499 328 1536
1354 1454 1540 1356 1455 1539 1544 1355
1356 1540 1542 1358 1544 1541 1545 1357
1358 1542 1526 1360 1545 1543 1525 1359
1506 1547 1452 1450 1546 1549 1451 1507
1547 1540 1454 1452 1548 1539 1453 1549
1502 1528 1551 1504 1529 1550 1553 1503
1504 1551 1547 1506 1553 1552 1546 1505
1528 1526 1542 1551 1527 1543 1554 1550
1551 1542 1540 1547 1554 1541 1548 1552
1580 1590 1556 1558 1589 1592 1557 1579
1590 1318 1320 1556 1591 1319 1555 1592
1582 1587 1590 1580 1586 1593 1589 1581
1587 1316 1318 1590 1588 1317 1591 1593
1584 1595 1587 1582 1594 1597 1586 1583
1595 1314 1316 1587 1596 1315 1588 1597
1333 1331 1595 1584 1332 1598 1594 1585
1331 1312 1314 1595 1330 1313 1596 1598
1573 1603 1560 1562 1602 1605 1561 1572
1603 1580 1558 1560 1604 1579 1559 1605
1575 1600 1603 1573 1599 1606 1602 1574
1600 1582 1580 1603 1601 1581 1604 1606
1577 1608 1600 1575 1607 1610 1599 1576
1608 1584 1582 1600 1609 1583 1601 1610
1337 1335 1608 1577 1336 1611 1607 1578
1335 1333 1584 1608 1334 1585 1609 1611
1615 1620 1623 1613 1619 1622 1625 1614
1613 1623 1564 1566 1625 1624 1565 1612
1620 1575 1573 1623 1621 1574 1626 1622
1623 1573 1562 1564 1626 1572 1563 1624
1341 1339 1628 1617 1340 1627 1630 1618
1617 1628 1620 1615 1630 1629 1619 1616
1339 1337 1577 1628 1338 1578 1631 1627
1628 1577 1575 1620 1631 1576 1621 1629
380 1633 1638 382 1632 1637 1640 381
382 1638 1570 384 1640 1639 1571 383
1613 1642 1635 1615 1641 1644 1636 1614
1642 1638 1633 1635 1643 1637 1634 1644
1566 1568 1642 1613 1567 1645 1641 1612
1568 1570 1638 1642 1569 1639 1643 1645
376 1345 1647 378 1346 1646 1649 377
378 1647 1633 380 1649 1648 1632 379
1345 1343 1651 1647 1344 1650 1653 1646
1647 1651 1635 1633 1653 1652 1634 1648
1343 1341 1617 1651 1342 1618 1654 1650
1651 1617 1615 1635 1654 1616 1636 1652
1672 1675 1665 1667 1674 1677 1666 1671
1675 1656 1658 1665 1676 1657 1664 1677
25 27 1675 1672 26 1678 1674 1673
27 29 1656 1675 28 1655 1676 1678
1667 1669 1680 1672 1668 1679 1682 1671
1672 1680 23 25 1682 1681 24 1673
1669 1326 1328 1680 1670 1327 1683 1679
1680 1328 21 23 1683 1329 22 1681
1685 1690 1560 1558 1689 1692 1559 1684
1690 1662 1562 1560 1691 1663 1561 1692
1687 1694 1690 1685 1693 1696 1689 1686
1694 1660 1662 1690 1695 1661 1691 1696
1667 1665 1694 1687 1666 1697 1693 1688
1665 1658 1660 1694 1664 1659 1695 1697
1322 1699 1556 1320 1698 1701 1555 1321
1699 1685 1558 1556 1700 1684 1557 1701
1324 1703 1699 1322 1702 1705 1698 1323
1703 1687 1685 1699 1704 1686 1700 1705
1326 1669 1703 1324 1670 1706 1702 1325
1669 1667 1687 1703 1668 1688 1704 1706
1717 1720 1708 1710 1719 1722 1709 1716
1720 392 390 1708 1721 391 1707 1722
35 37 1720 1717 36 1723 1719 1718
37 39 392 1720 38 393 1721 1723
1710 1712 1725 1717 1711 1724 1727 1716
1717 1725 33 35 1727 1726 34 1718
1712 1714 1729 1725 1713 1728 1731 1724
1725 1729 31 33 1731 1730 32 1726
1714 1658 1656 1729 1715 1657 1732 1728
1729 1656 29 31 1732 1655 30 1730
1734 1739 1570 1568 1738 1741 1569 1733
1739 386 384 1570 1740 385 1571 1741
1710 1708 1743 1736 1709 1742 1745 1737
1736 1743 1739 1734 1745 1744 1738 1735
1708 390 388 1743 1707 389 1746 1742
1743 388 386 1739 1746 387 1740 1744
1662 1748 1564 1562 1747 1752 1563 1663
1748 1750 1566 1564 1749 1753 1565 1752
1750 1734 1568 1566 1751 1733 1567 1753
1658 1714 1755 1660 1715 1754 1757 1659
1660 1755 1748 1662 1757 1756 1747 1661
1714 1712 1759 1755 1713 1758 1761 1754
1755 1759 1750 1748 1761 1760 1749 1756
1712 1710 1736 1759 1711 1737 1762 1758
1759 1736 1734 1750 1762 1735 1751 1760
1783 1805 1815 1781 1804 1814 1817 1782
1781 1815 1768 1770 1817 1816 1769 1780
1805 1807 1812 1815 1806 1811 1818 1814
1815 1812 1766 1768 1818 1813 1767 1816
268 1820 1809 266 1819 1822 1810 267
1820 1812 1807 1809 1821 1811 1808 1822
270 1764 1820 268 1763 1823 1819 269
1764 1766 1812 1820 1765 1813 1821 1823
1825 1828 1798 1800 1827 1830 1799 1824
1828 1785 1787 1798 1829 1786 1797 1830
1807 1805 1828 1825 1806 1831 1827 1826
1805 1783 1785 1828 1804 1784 1829 1831
1800 1802 1833 1825 1801 1832 1835 1824
1825 1833 1809 1807 1835 1834 1808 1826
1802 262 264 1833 1803 263 1836 1832
1833 264 266 1809 1836 265 1810 1834
1845 1848 1838 1840 1847 1850 1839 1844
1848 1789 1791 1838 1849 1790 1837 1850
1800 1798 1848 1845 1799 1851 1847 1846
1798 1787 1789 1848 1797 1788 1849 1851
1840 1842 1853 1845 1841 1852 1855 1844
1845 1853 1802 1800 1855 1854 1801 1846
1842 258 260 1853 1843 259 1856 1852
1853 260 262 1802 1856 261 1803 1854
1858 1863 353 355 1862 1865 354 1857
1863 1795 351 353 1864 1796 352 1865
1860 1867 1863 1858 1866 1869 1862 1859
1867 1793 1795 1863 1868 1794 1864 1869
1840 1838 1867 1860 1839 1870 1866 1861
1838 1791 1793 1867 1837 1792 1868 1870
254 1872 357 252 1871 1874 358 253
1872 1858 355 357 1873 1857 356 1874
256 1876 1872 254 1875 1878 1871 255
1876 1860 1858 1872 1877 1859 1873 1878
258 1842 1876 256 1843 1879 1875 257
1842 1840 1860 1876 1841 1861 1877 1879
1890 1900 1881 1883 1899 1902 1882 1889
1900 1306 1304 1881 1901 1305 1880 1902
1892 1897 1900 1890 1896 1903 1899 1891
1897 1308 1306 1900 1898 1307 1901 1903
1776 1778 1905 1894 1777 1904 1907 1895
1894 1905 1897 1892 1907 1906 1896 1893
1778 1312 1310 1905 1779 1311 1908 1904
1905 1310 1308 1897 1908 1309 1898 1906
1783 1910 1915 1785 1909 1914 1917 1784
1785 1915 1887 1787 1917 1916 1888 1786
1910 1912 1919 1915 1911 1918 1921 1914
1915 1919 1885 1887 1921 1920 1886 1916
1912 1892 1890 1919 1913 1891 1922 1918
1919 1890 1883 1885 1922 1889 1884 1920
1770 1772 1924 1781 1771 1923 1926 1780
1781 1924 1910 1783 1926 1925 1909 1782
1772 1774 1928 1924 1773 1927 1930 1923
1924 1928 1912 1910 1930 1929 1911 1925
1774 1776 1894 1928 1775 1895 1931 1927
1928 1894 1892 1912 1931 1893 1913 1929
1942 1945 1933 1935 1944 1947 1934 1941
1945 1302 1300 1933 1946 1301 1932 1947
1883 1881 1945 1942 1882 1948 1944 1943
1881 1304 1302 1945 1880 1303 1946 1948
1935 1937 1950 1942 1936 1949 1952 1941
1942 1950 1885 1883 1952 1951 1884 1943
1937 1939 1954 1950 1938 1953 1956 1949
1950 1954 1887 1885 1956 1955 1886 1951
1939 1791 1789 1954 1940 1790 1957 1953
1954 1789 1787 1887 1957 1788 1888 1955
1959 1964 343 345 1963 1966 344 1958
1964 1296 341 343 1965 1295 342 1966
1961 1968 1964 1959 1967 1970 1963 1960
1968 1298 1296 1964 1969 1297 1965 1970
1935 1933 1968 1961 1934 1971 1967 1962
1933 1300 1298 1968 1932 1299 1969 1971
345 347 1973 1959 346 1972 1977 1958
1959 1973 1975 1961 1977 1974 1978 1960
1961 1975 1937 1935 1978 1976 1936 1962
1795 1980 349 351 1979 1982 350 1796
1980 1973 347 349 1981 1972 348 1982
1791 1939 1984 1793 1940 1983 1986 1792
1793 1984 1980 1795 1986 1985 1979 1794
1939 1937 1975 1984 1938 1976 1987 1983
1984 1975 1973 1980 1987 1974 1981 1985
2020 2023 2013 2015 2022 2025 2014 2019
2023 2006 2008 2013 2024 2007 2012 2025
1991 1993 2023 2020 1992 2026 2022 2021
1993 1995 2006 2023 1994 2005 2024 2026
276 2028 2017 274 2027 2030 2018 275
2028 2020 2015 2017 2029 2019 2016 2030
278 1989 2028 276 1988 2031 2027 277
1989 1991 2020 2028 1990 2021 2029 2031
2033 2036 1768 1766 2035 2038 1767 2032
2036 2010 1770 1768 2037 2011 1769 2038
2015 2013 2036 2033 2014 2039 2035 2034
2013 2008 2010 2036 2012 2009 2037 2039
272 2041 1764 270 2040 2043 1763 271
2041 2033 1766 1764 2042 2032 1765 2043
274 2017 2041 272 2018 2044 2040 273
2017 2015 2033 2041 2016 2034 2042 2044
2048 2053 2056 2046 2052 2055 2058 2047
2046 2056 1997 1999 2058 2057 1998 2045
2053 2008 2006 2056 2054 2007 2059 2055
2056 2006 1995 1997 2059 2005 1996 2057
2050 2061 2053 2048 2060 2063 2052 2049
2061 2010 2008 2053 2062 2009 2054 2063
1774 1772 2061 2050 1773 2064 2060 2051
1772 1770 2010 2061 1771 2011 2062 2064
1316 2066 2071 1318 2065 2070 2073 1317
1318 2071 2003 1320 2073 2072 2004 1319
2066 2068 2075 2071 2067 2074 2077 2070
2071 2075 2001 2003 2077 2076 2002 2072
2068 2048 2046 2075 2069 2047 2078 2074
2075 2046 1999 2001 2078 2045 2000 2076
1312 1778 2080 1314 1779 2079 2082 1313
1314 2080 2066 1316 2082 2081 2065 1315
2050 2084 1776 1774 2083 2086 1775 2051
2084 2080 1778 1776 2085 2079 1777 2086
2048 2068 2084 2050 2069 2087 2083 2049
2068 2066 2080 2084 2067 2081 2085 2087
2105 2108 2098 2100 2107 2110 2099 2104
2108 2089 2091 2098 2109 2090 2097 2110
7 9 2108 2105 8 2111 2107 2106
9 11 2089 2108 10 2088 2109 2111
286 2113 2102 284 2112 2115 2103 285
2113 2105 2100 2102 2114 2104 2101 2115
3 5 2113 286 4 2116 2112 287
5 7 2105 2113 6 2106 2114 2116
2118 2123 1993 1991 2122 2125 1992 2117
2123 2095 1995 1993 2124 2096 1994 2125
2120 2127 2123 2118 2126 2129 2122 2119
2127 2093 2095 2123 2128 2094 2124 2129
2100 2098 2127 2120 2099 2130 2126 2121
2098 2091 2093 2127 2097 2092 2128 2130
280 2132 1989 278 2131 2134 1988 279
2132 2118 1991 1989 2133 2117 1990 2134
282 2136 2132 280 2135 2138 2131 281
2136 2120 2118 2132 2137 2119 2133 2138
284 2102 2136 282 2103 2139 2135 283
2102 2100 2120 2136 2101 2121 2137 2139
2141 2153 13 15 2152 2155 14 2140
2153 2089 11 13 2154 2088 12 2155
2143 2150 2153 2141 2149 2156 2152 2142
2150 2091 2089 2153 2151 2090 2154 2156
2145 2158 2150 2143 2157 2160 2149 2144
2158 2093 2091 2150 2159 2092 2151 2160
2147 2162 2158 2145 2161 2164 2157 2146
2162 2095 2093 2158 2163 2094 2159 2164
1999 1997 2162 2147 1998 2165 2161 2148
1997 1995 2095 2162 1996 2096 2163 2165
1326 2167 2172 1328 2166 2171 2174 1327
1328 2172 19 21 2174 2173 20 1329
2167 2169 2176 2172 2168 2175 2178 2171
2172 2176 17 19 2178 2177 18 2173
2169 2143 2141 2176 2170 2142 2179 2175
2176 2141 15 17 2179 2140 16 2177
1324 2181 2167 1326 2180 2185 2166 1325
2181 2183 2169 2167 2182 2186 2168 2185
2183 2145 2143 2169 2184 2144 2170 2186
1320 2003 2188 1322 2004 2187 2190 1321
1322 2188 2181 1324 2190 2189 2180 1323
2147 2192 2001 1999 2191 2194 2000 2148
2192 2188 2003 2001 2193 2187 2002 2194
2145 2183 2192 2147 2184 2195 2191 2146
2183 2181 2188 2192 2182 2189 2193 2195
2308 2318 2284 2286 2317 2320 2285 2307
2318 2271 2273 2284 2319 2272 2283 2320
2310 2315 2318 2308 2314 2321 2317 2309
2315 2269 2271 2318 2316 2270 2319 2321
2312 2323 2315 2310 2322 2325 2314 2311
2323 2267 2269 2315 2324 2268 2316 2325
2244 2246 2323 2312 2245 2326 2322 2313
2246 2248 2267 2323 2247 2266 2324 2326
2303 2328 2331 2301 2327 2330 2333 2302
2301 2331 2288 2290 2333 2332 2289 2300
2328 2310 2308 2331 2329 2309 2334 2330
2331 2308 2286 2288 2334 2307 2287 2332
2240 2242 2336 2305 2241 2335 2338 2306
2305 2336 2328 2303 2338 2337 2327 2304
2242 2244 2312 2336 2243 2313 2339 2335
2336 2312 2310 2328 2339 2311 2329 2337
2341 2351 2292 2294 2350 2353 2293 2340
2351 2301 2290 2292 2352 2300 2291 2353
2343 2348 2351 2341 2347 2354 2350 2342
2348 2303 2301 2351 2349 2302 2352 2354
2345 2356 2348 2343 2355 2358 2347 2344
2356 2305 2303 2348 2357 2304 2349 2358
2236 2238 2356 2345 2237 2359 2355 2346
2238 2240 2305 2356 2239 2306 2357 2359
2209 2361 2366 2207 2360 2365 2368 2208
2207 2366 2298 2205 2368 2367 2299 2206
2361 2363 2370 2366 2362 2369 2372 2365
2366 2370 2296 2298 2372 2371 2297 2367
2363 2343 2341 2370 2364 2342 2373 2369
2370 2341 2294 2296 2373 2340 2295 2371
2213 2232 2375 2211 2231 2374 2377 2212
2211 2375 2361 2209 2377 2376 2360 2210
2232 2234 2379 2375 2233 2378 2381 2374
2375 2379 2363 2361 2381 2380 2362 2376
2234 2236 2345 2379 2235 2346 2382 2378
2379 2345 2343 2363 2382 2344 2364 2380
2386 2393 2403 2384 2392 2402 2405 2385
2384 2403 169 171 2405 2404 170 2383
2393 2395 2400 2403 2394 2399 2406 2402
2403 2400 167 169 2406 2401 168 2404
2395 2397 2408 2400 2396 2407 2410 2399
2400 2408 165 167 2410 2409 166 2401
2397 2279 2281 2408 2398 2280 2411 2407
2408 2281 163 165 2411 2282 164 2409
2413 2418 2288 2286 2417 2420 2287 2412
2418 2390 2290 2288 2419 2391 2289 2420
2415 2422 2418 2413 2421 2424 2417 2414
2422 2388 2390 2418 2423 2389 2419 2424
2395 2393 2422 2415 2394 2425 2421 2416
2393 2386 2388 2422 2392 2387 2423 2425
2275 2427 2284 2273 2426 2429 2283 2274
2427 2413 2286 2284 2428 2412 2285 2429
2277 2431 2427 2275 2430 2433 2426 2276
2431 2415 2413 2427 2432 2414 2428 2433
2279 2397 2431 2277 2398 2434 2430 2278
2397 2395 2415 2431 2396 2416 2432 2434
2445 2448 2436 2438 2447 2450 2437 2444
2448 2197 2199 2436 2449 2198 2435 2450
177 179 2448 2445 178 2451 2447 2446
179 181 2197 2448 180 2196 2449 2451
2438 2440 2453 2445 2439 2452 2455 2444
2445 2453 175 177 2455 2454 176 2446
2440 2442 2457 2453 2441 2456 2459 2452
2453 2457 173 175 2459 2458 174 2454
2442 2386 2384 2457 2443 2385 2460 2456
2457 2384 171 173 2460 2383 172 2458
2462 2467 2298 2296 2466 2469 2297 2461
2467 2203 2205 2298 2468 2204 2299 2469
2464 2471 2467 2462 2470 2473 2466 2463
2471 2201 2203 2467 2472 2202 2468 2473
2438 2436 2471 2464 2437 2474 2470 2465
2436 2199 2201 2471 2435 2200 2472 2474
2390 2476 2292 2290 2475 2480 2291 2391
2476 2478 2294 2292 2477 2481 2293 2480
2478 2462 2296 2294 2479 2461 2295 2481
2386 2442 2483 2388 2443 2482 2485 2387
2388 2483 2476 2390 2485 2484 2475 2389
2464 2487 2440 2438 2486 2489 2439 2465
2487 2483 2442 2440 2488 2482 2441 2489
2462 2478 2487 2464 2479 2490 2486 2463
2478 2476 2483 2487 2477 2484 2488 2490
2516 2526 2509 2511 2525 2528 2510 2515
2526 2496 2498 2509 2527 2497 2508 2528
2518 2523 2526 2516 2522 2529 2525 2517
2523 2494 2496 2526 2524 2495 2527 2529
2520 2531 2523 2518 2530 2533 2522 2519
2531 2492 2494 2523 2532 2493 2524 2533
2252 2254 2531 2520 2253 2534 2530 2521
2254 2256 2492 2531 2255 2491 2532 2534
2269 2536 2539 2271 2535 2538 2541 2270
2271 2539 2513 2273 2541 2540 2514 2272
2536 2518 2516 2539 2537 2517 2542 2538
2539 2516 2511 2513 2542 2515 2512 2540
2248 2250 2544 2267 2249 2543 2546 2266
2267 2544 2536 2269 2546 2545 2535 2268
2250 2252 2520 2544 2251 2521 2547 2543
2544 2520 2518 2536 2547 2519 2537 2545
2556 2559 2549 2551 2558 2561 2550 2555
2559 2500 2502 2549 2560 2501 2548 2561
2511 2509 2559 2556 2510 2562 2558 2557
2509 2498 2500 2559 2508 2499 2560 2562
2551 2553 2564 2556 2552 2563 2566 2555
2556 2564 2513 2511 2566 2565 2512 2557
2553 2277 2275 2564 2554 2276 2567 2563
2564 2275 2273 2513 2567 2274 2514 2565
2569 2574 157 159 2573 2576 158 2568
2574 2506 155 157 2575 2507 156 2576
2571 2578 2574 2569 2577 2580 2573 2570
2578 2504 2506 2574 2579 2505 2575 2580
2551 2549 2578 2571 2550 2581 2577 2572
2549 2502 2504 2578 2548 2503 2579 2581
2281 2583 161 163 2582 2585 162 2282
2583 2569 159 161 2584 2568 160 2585
2277 2553 2587 2279 2554 2586 2589 2278
2279 2587 2583 2281 2589 2588 2582 2280
2553 2551 2571 2587 2552 2572 2590 2586
2587 2571 2569 2583 2590 2570 2584 2588
2601 2611 2592 2594 2610 2613 2593 2600
2611 134 136 2592 2612 135 2591 2613
2603 2608 2611 2601 2607 2614 2610 2602
2608 132 134 2611 2609 133 2612 2614
2605 2616 2608 2603 2615 2618 2607 2604
2616 130 132 2608 2617 131 2609 2618
2262 2264 2616 2605 2263 2619 2615 2606
2264 128 130 2616 2265 129 2617 2619
2494 2621 2626 2496 2620 2625 2628 2495
2496 2626 2598 2498 2628 2627 2599 2497
2621 2623 2630 2626 2622 2629 2632 2625
2626 2630 2596 2598 2632 2631 2597 2627
2623 2603 2601 2630 2624 2602 2633 2629
2630 2601 2594 2596 2633 2600 2595 2631
2256 2258 2635 2492 2257 2634 2637 2491
2492 2635 2621 2494 2637 2636 2620 2493
2258 2260 2639 2635 2259 2638 2641 2634
2635 2639 2623 2621 2641 2640 2622 2636
2260 2262 2605 2639 2261 2606 2642 2638
2639 2605 2603 2623 2642 2604 2624 2640
2646 2653 2656 2644 2652 2655 2658 2645
2644 2656 147 149 2658 2657 148 2643
2653 142 144 2656 2654 143 2659 2655
2656 144 0 147 2659 145 146 2657
2648 2661 2653 2646 2660 2663 2652 2647
2661 140 142 2653 2662 141 2654 2663
2650 2665 2661 2648 2664 2667 2660 2649
2665 138 140 2661 2666 139 2662 2667
2594 2592 2665 2650 2593 2668 2664 2651
2592 136 138 2665 2591 137 2666 2668
2504 2670 2675 2506 2669 2674 2677 2505
2506 2675 153 155 2677 2676 154 2507
2670 2672 2679 2675 2671 2678 2681 2674
2675 2679 151 153 2681 2680 152 2676
2672 2646 2644 2679 2673 2645 2682 2678
2679 2644 149 151 2682 2643 150 2680
2498 2598 2684 2500 2599 2683 2688 2499
2500 2684 2686 2502 2688 2685 2689 2501
2502 2686 2670 2504 2689 2687 2669 2503
2650 2691 2596 2594 2690 2693 2595 2651
2691 2684 2598 2596 2692 2683 2597 2693
2646 2672 2695 2648 2673 2694 2697 2647
2648 2695 2691 2650 2697 2696 2690 2649
2672 2670 2686 2695 2671 2687 2698 2694
2695 2686 2684 2691 2698 2685 2692 2696
2748 2751 2741 2743 2750 2753 2742 2747
2751 2717 2719 2741 2752 2718 2740 2753
319 317 2751 2748 318 2754 2750 2749
317 315 2717 2751 316 2716 2752 2754
2229 2756 2745 2227 2755 2758 2746 2228
2756 2748 2743 2745 2757 2747 2744 2758
323 321 2756 2229 322 2759 2755 2230
321 319 2748 2756 320 2749 2757 2759
2723 2734 2764 2721 2733 2763 2766 2722
2721 2764 2741 2719 2766 2765 2740 2720
2734 2736 2761 2764 2735 2760 2767 2763
2764 2761 2743 2741 2767 2762 2742 2765
2736 2738 2769 2761 2737 2768 2771 2760
2761 2769 2745 2743 2771 2770 2744 2762
2738 2223 2225 2769 2739 2224 2772 2768
2769 2225 2227 2745 2772 2226 2746 2770
2727 2774 2784 2725 2773 2783 2786 2726
2725 2784 2734 2723 2786 2785 2733 2724
2774 2776 2781 2784 2775 2780 2787 2783
2784 2781 2736 2734 2787 2782 2735 2785
2221 2789 2778 2219 2788 2791 2779 2220
2789 2781 2776 2778 2790 2780 2777 2791
2223 2738 2789 2221 2739 2792 2788 2222
2738 2736 2781 2789 2737 2782 2790 2792
2794 2799 2236 2234 2798 2801 2235 2793
2799 2731 2238 2236 2800 2732 2237 2801
2776 2774 2803 2796 2775 2802 2805 2797
2796 2803 2799 2794 2805 2804 2798 2795
2774 2727 2729 2803 2773 2728 2806 2802
2803 2729 2731 2799 2806 2730 2800 2804
2215 2808 2232 2213 2807 2810 2231 2214
2808 2794 2234 2232 2809 2793 2233 2810
2217 2812 2808 2215 2811 2814 2807 2216
2812 2796 2794 2808 2813 2795 2809 2814
2219 2778 2812 2217 2779 2815 2811 2218
2778 2776 2796 2812 2777 2797 2813 2815
2828 2833 2836 2826 2832 2835 2838 2827
2826 2836 2817 2819 2838 2837 2818 2825
2833 2702 2704 2836 2834 2703 2839 2835
2836 2704 2706 2817 2839 2705 2816 2837
2830 2841 2833 2828 2840 2843 2832 2829
2841 2700 2702 2833 2842 2701 2834 2843
309 307 2841 2830 308 2844 2840 2831
307 305 2700 2841 306 2699 2842 2844
2719 2846 2851 2721 2845 2850 2853 2720
2721 2851 2823 2723 2853 2852 2824 2722
2846 2848 2855 2851 2847 2854 2857 2850
2851 2855 2821 2823 2857 2856 2822 2852
2848 2828 2826 2855 2849 2827 2858 2854
2855 2826 2819 2821 2858 2825 2820 2856
315 313 2860 2717 314 2859 2862 2716
2717 2860 2846 2719 2862 2861 2845 2718
2830 2864 311 309 2863 2866 310 2831
2864 2860 313 311 2865 2859 312 2866
2828 2848 2864 2830 2849 2867 2863 2829
2848 2846 2860 2864 2847 2861 2865 2867
2871 2878 2881 2869 2877 2880 2883 2870
2869 2881 2246 2244 2883 2882 2245 2868
2878 2712 2714 2881 2879 2713 2884 2880
2881 2714 2248 2246 2884 2715 2247 2882
2873 2886 2878 2871 2885 2888 2877 2872
2886 2710 2712 2878 2887 2711 2879 2888
2875 2890 2886 2873 2889 2892 2885 2874
2890 2708 2710 2886 2891 2709 2887 2892
2819 2817 2890 2875 2818 2893 2889 2876
2817 2706 2708 2890 2816 2707 2891 2893
2729 2895 2900 2731 2894 2899 2902 2730
2731 2900 2240 2238 2902 2901 2239 2732
2895 2897 2904 2900 2896 2903 2906 2899
2900 2904 2242 2240 2906 2905 2241 2901
2897 2871 2869 2904 2898 2870 2907 2903
2904 2869 2244 2242 2907 2868 2243 2905
2723 2823 2909 2725 2824 2908 2913 2724
2725 2909 2911 2727 2913 2910 2914 2726
2727 2911 2895 2729 2914 2912 2894 2728
2875 2916 2821 2819 2915 2918 2820 2876
2916 2909 2823 2821 2917 2908 2822 2918
2873 2920 2916 2875 2919 2922 2915 2874
2920 2911 2909 2916 2921 2910 2917 2922
2871 2897 2920 2873 2898 2923 2919 2872
2897 2895 2911 2920 2896 2912 2921 2923
2951 2956 2959 2949 2955 2958 2961 2950
2949 2959 2942 2944 2961 2960 2943 2948
2956 2927 2929 2959 2957 2928 2962 2958
2959 2929 2931 2942 2962 2930 2941 2960
2953 2964 2956 2951 2963 2966 2955 2952
2964 2925 2927 2956 2965 2926 2957 2966
301 299 2964 2953 300 2967 2963 2954
299 297 2925 2964 298 2924 2965 2967
2702 2969 2972 2704 2968 2971 2974 2703
2704 2972 2946 2706 2974 2973 2947 2705
2969 2951 2949 2972 2970 2950 2975 2971
2972 2949 2944 2946 2975 2948 2945 2973
2700 2977 2969 2702 2976 2979 2968 2701
2977 2953 2951 2969 2978 2952 2970 2979
305 303 2977 2700 304 2980 2976 2699
303 301 2953 2977 302 2954 2978 2980
2989 2992 2982 2984 2991 2994 2983 2988
2992 2933 2935 2982 2993 2934 2981 2994
2944 2942 2992 2989 2943 2995 2991 2990
2942 2931 2933 2992 2941 2932 2993 2995
2984 2986 2997 2989 2985 2996 2999 2988
2989 2997 2946 2944 2999 2998 2945 2990
2986 2710 2708 2997 2987 2709 3000 2996
2997 2708 2706 2946 3000 2707 2947 2998
3002 3007 2254 2252 3006 3009 2253 3001
3007 2939 2256 2254 3008 2940 2255 3009
3004 3011 3007 3002 3010 3013 3006 3003
3011 2937 2939 3007 3012 2938 3008 3013
2984 2982 3011 3004 2983 3014 3010 3005
2982 2935 2937 3011 2981 2936 3012 3014
2714 3016 2250 2248 3015 3018 2249 2715
3016 3002 2252 2250 3017 3001 2251 3018
2710 2986 3020 2712 2987 3019 3022 2711
2712 3020 3016 2714 3022 3021 3015 2713
2986 2984 3004 3020 2985 3005 3023 3019
3020 3004 3002 3016 3023 3003 3017 3021
3036 3041 3044 3034 3040 3043 3046 3035
3034 3044 3025 3027 3046 3045 3026 3033
3041 114 116 3044 3042 115 3047 3043
3044 116 118 3025 3047 117 3024 3045
3038 3049 3041 3036 3048 3051 3040 3037
3049 112 114 3041 3050 113 3042 3051
291 289 3049 3038 290 3052 3048 3039
289 110 112 3049 288 111 3050 3052
2927 3054 3059 2929 3053 3058 3061 2928
2929 3059 3031 2931 3061 3060 3032 2930
3054 3056 3063 3059 3055 3062 3065 3058
3059 3063 3029 3031 3065 3064 3030 3060
3056 3036 3034 3063 3057 3035 3066 3062
3063 3034 3027 3029 3066 3033 3028 3064
297 295 3068 2925 296 3067 3070 2924
2925 3068 3054 2927 3070 3069 3053 2926
295 293 3072 3068 294 3071 3074 3067
3068 3072 3056 3054 3074 3073 3055 3069
293 291 3038 3072 292 3039 3075 3071
3072 3038 3036 3056 3075 3037 3057 3073
3079 3086 3089 3077 3085 3088 3091 3078
3077 3089 2264 2262 3091 3090 2263 3076
3086 124 126 3089 3087 125 3092 3088
3089 126 128 2264 3092 127 2265 3090
3081 3094 3086 3079 3093 3096 3085 3080
3094 122 124 3086 3095 123 3087 3096
3083 3098 3094 3081 3097 3100 3093 3082
3098 120 122 3094 3099 121 3095 3100
3027 3025 3098 3083 3026 3101 3097 3084
3025 118 120 3098 3024 119 3099 3101
2937 3103 3108 2939 3102 3107 3110 2938
2939 3108 2258 2256 3110 3109 2257 2940
3103 3105 3112 3108 3104 3111 3114 3107
3108 3112 2260 2258 3114 3113 2259 3109
3105 3079 3077 3112 3106 3078 3115 3111
3112 3077 2262 2260 3115 3076 2261 3113
2935 3117 3103 2937 3116 3121 3102 2936
3117 3119 3105 3103 3118 3122 3104 3121
3119 3081 3079 3105 3120 3080 3106 3122
2931 3031 3124 2933 3032 3123 3126 2932
2933 3124 3117 2935 3126 3125 3116 2934
3031 3029 3128 3124 3030 3127 3130 3123
3124 3128 3119 3117 3130 3129 3118 3125
3029 3027 3083 3128 3028 3084 3131 3127
3128 3083 3081 3119 3131 3082 3120 3129
3211 3216 3219 3209 3215 3218 3221 3210
3209 3219 3202 3204 3221 3220 3203 3208
3216 3187 3189 3219 3217 3188 3222 3218
3219 3189 3191 3202 3222 3190 3201 3220
3135 3137 3224 3213 3136 3223 3226 3214
3213 3224 3216 3211 3226 3225 3215 3212
3137 3139 3185 3224 3138 3184 3227 3223
3224 3185 3187 3216 3227 3186 3217 3225
230 3229 3232 228 3228 3231 3234 229
228 3232 3206 226 3234 3233 3207 227
3229 3211 3209 3232 3230 3210 3235 3231
3232 3209 3204 3206 3235 3208 3205 3233
232 3237 3229 230 3236 3239 3228 231
3237 3213 3211 3229 3238 3212 3230 3239
234 3133 3237 232 3132 3240 3236 233
3133 3135 3213 3237 3134 3214 3238 3240
3249 3252 3242 3244 3251 3254 3243 3248
3252 3193 3195 3242 3253 3194 3241 3254
3204 3202 3252 3249 3203 3255 3251 3250
3202 3191 3193 3252 3201 3192 3253 3255
224 3257 3246 222 3256 3259 3247 223
3257 3249 3244 3246 3258 3248 3245 3259
226 3206 3257 224 3207 3260 3256 225
3206 3204 3249 3257 3205 3250 3258 3260
3262 3267 211 213 3266 3269 212 3261
3267 3199 209 211 3268 3200 210 3269
3264 3271 3267 3262 3270 3273 3266 3263
3271 3197 3199 3267 3272 3198 3268 3273
3244 3242 3271 3264 3243 3274 3270 3265
3242 3195 3197 3271 3241 3196 3272 3274
218 3276 215 2 3275 3278 216 217
3276 3262 213 215 3277 3261 214 3278
222 3246 3280 220 3247 3279 3282 221
220 3280 3276 218 3282 3281 3275 219
3246 3244 3264 3280 3245 3265 3283 3279
3280 3264 3262 3276 3283 3263 3277 3281
3296 3301 3304 3294 3300 3303 3306 3295
3294 3304 3285 3287 3306 3305 3286 3293
3301 3170 3172 3304 3302 3171 3307 3303
3304 3172 3174 3285 3307 3173 3284 3305
3145 3147 3309 3298 3146 3308 3311 3299
3298 3309 3301 3296 3311 3310 3300 3297
3147 3149 3168 3309 3148 3167 3312 3308
3309 3168 3170 3301 3312 3169 3302 3310
3187 3314 3319 3189 3313 3318 3321 3188
3189 3319 3291 3191 3321 3320 3292 3190
3314 3316 3323 3319 3315 3322 3325 3318
3319 3323 3289 3291 3325 3324 3290 3320
3316 3296 3294 3323 3317 3295 3326 3322
3323 3294 3287 3289 3326 3293 3288 3324
3139 3141 3328 3185 3140 3327 3330 3184
3185 3328 3314 3187 3330 3329 3313 3186
3141 3143 3332 3328 3142 3331 3334 3327
3328 3332 3316 3314 3334 3333 3315 3329
3143 3145 3298 3332 3144 3299 3335 3331
3332 3298 3296 3316 3335 3297 3317 3333
3346 3349 3337 3339 3348 3351 3338 3345
3349 3176 3178 3337 3350 3177 3336 3351
3287 3285 3349 3346 3286 3352 3348 3347
3285 3174 3176 3349 3284 3175 3350 3352
3339 3341 3354 3346 3340 3353 3356 3345
3346 3354 3289 3287 3356 3355 3288 3347
3341 3343 3358 3354 3342 3357 3360 3353
3354 3358 3291 3289 3360 3359 3290 3355
3343 3195 3193 3358 3344 3194 3361 3357
3358 3193 3191 3291 3361 3192 3292 3359
3363 3368 201 203 3367 3370 202 3362
3368 3182 199 201 3369 3183 200 3370
3365 3372 3368 3363 3371 3374 3367 3364
3372 3180 3182 3368 3373 3181 3369 3374
3339 3337 3372 3365 3338 3375 3371 3366
3337 3178 3180 3372 3336 3179 3373 3375
3199 3377 207 209 3376 3381 208 3200
3377 3379 205 207 3378 3382 206 3381
3379 3363 203 205 3380 3362 204 3382
3195 3343 3384 3197 3344 3383 3386 3196
3197 3384 3377 3199 3386 3385 3376 3198
3365 3388 3341 3339 3387 3390 3340 3366
3388 3384 3343 3341 3389 3383 3342 3390
3363 3379 3388 3365 3380 3391 3387 3364
3379 3377 3384 3388 3378 3385 3389 3391
3424 3427 3417 3419 3426 3429 3418 3423
3427 3393 3395 3417 3428 3394 3416 3429
3153 3155 3427 3424 3154 3430 3426 3425
3155 3157 3393 3427 3156 3392 3428 3430
3419 3421 3432 3424 3420 3431 3434 3423
3424 3432 3151 3153 3434 3433 3152 3425
3421 3170 3168 3432 3422 3169 3435 3431
3432 3168 3149 3151 3435 3167 3150 3433
3437 3440 3410 3412 3439 3442 3411 3436
3440 3397 3399 3410 3441 3398 3409 3442
3419 3417 3440 3437 3418 3443 3439 3438
3417 3395 3397 3440 3416 3396 3441 3443
3412 3414 3445 3437 3413 3444 3447 3436
3437 3445 3421 3419 3447 3446 3420 3438
3414 3174 3172 3445 3415 3173 3448 3444
3445 3172 3170 3421 3448 3171 3422 3446
3457 3460 3450 3452 3459 3462 3451 3456
3460 3401 3403 3450 3461 3402 3449 3462
3412 3410 3460 3457 3411 3463 3459 3458
3410 3399 3401 3460 3409 3400 3461 3463
3452 3454 3465 3457 3453 3464 3467 3456
3457 3465 3414 3412 3467 3466 3413 3458
3454 3178 3176 3465 3455 3177 3468 3464
3465 3176 3174 3414 3468 3175 3415 3466
3470 3475 193 195 3474 3477 194 3469
3475 3407 191 193 3476 3408 192 3477
3472 3479 3475 3470 3478 3481 3474 3471
3479 3405 3407 3475 3480 3406 3476 3481
3452 3450 3479 3472 3451 3482 3478 3473
3450 3403 3405 3479 3449 3404 3480 3482
3182 3484 197 199 3483 3486 198 3183
3484 3470 195 197 3485 3469 196 3486
3180 3488 3484 3182 3487 3490 3483 3181
3488 3472 3470 3484 3489 3471 3485 3490
3178 3454 3488 3180 3455 3491 3487 3179
3454 3452 3472 3488 3453 3473 3489 3491
3502 3512 3493 3495 3511 3514 3494 3501
3512 2207 2205 3493 3513 2206 3492 3514
3504 3509 3512 3502 3508 3515 3511 3503
3509 2209 2207 3512 3510 2208 3513 3515
3163 3165 3517 3506 3164 3516 3519 3507
3506 3517 3509 3504 3519 3518 3508 3505
3165 2213 2211 3517 3166 2212 3520 3516
3517 2211 2209 3509 3520 2210 3510 3518
3395 3522 3527 3397 3521 3526 3529 3396
3397 3527 3499 3399 3529 3528 3500 3398
3502 3531 3524 3504 3530 3533 3525 3503
3531 3527 3522 3524 3532 3526 3523 3533
3495 3497 3531 3502 3496 3534 3530 3501
3497 3499 3527 3531 3498 3528 3532 3534
3157 3159 3536 3393 3158 3535 3538 3392
3393 3536 3522 3395 3538 3537 3521 3394
3159 3161 3540 3536 3160 3539 3542 3535
3536 3540 3524 3522 3542 3541 3523 3537
3161 3163 3506 3540 3162 3507 3543 3539
3540 3506 3504 3524 3543 3505 3525 3541
3547 3554 3557 3545 3553 3556 3559 3546
3545 3557 183 185 3559 3558 184 3544
3554 2199 2197 3557 3555 2198 3560 3556
3557 2197 181 183 3560 2196 182 3558
3549 3562 3554 3547 3561 3564 3553 3548
3562 2201 2199 3554 3563 2200 3555 3564
3495 3493 3566 3551 3494 3565 3568 3552
3551 3566 3562 3549 3568 3567 3561 3550
3493 2205 2203 3566 3492 2204 3569 3565
3566 2203 2201 3562 3569 2202 3563 3567
3405 3571 3576 3407 3570 3575 3578 3406
3407 3576 189 191 3578 3577 190 3408
3571 3573 3580 3576 3572 3579 3582 3575
3576 3580 187 189 3582 3581 188 3577
3573 3547 3545 3580 3574 3546 3583 3579
3580 3545 185 187 3583 3544 186 3581
3399 3499 3585 3401 3500 3584 3589 3400
3401 3585 3587 3403 3589 3586 3590 3402
3403 3587 3571 3405 3590 3588 3570 3404
3551 3592 3497 3495 3591 3594 3496 3552
3592 3585 3499 3497 3593 3584 3498 3594
3549 3596 3592 3551 3595 3598 3591 3550
3596 3587 3585 3592 3597 3586 3593 3598
3547 3573 3596 3549 3574 3599 3595 3548
3573 3571 3587 3596 3572 3588 3597 3599
3644 3649 3652 3642 3648 3651 3654 3643
3642 3652 3635 3637 3654 3653 3636 3641
3649 3620 3622 3652 3650 3621 3655 3651
3652 3622 3624 3635 3655 3623 3634 3653
3646 3657 3649 3644 3656 3659 3648 3645
3657 3618 3620 3649 3658 3619 3650 3659
355 353 3657 3646 354 3660 3656 3647
353 351 3618 3657 352 3617 3658 3660
248 3662 3665 246 3661 3664 3667 247
246 3665 3639 244 3667 3666 3640 245
3662 3644 3642 3665 3663 3643 3668 3664
3665 3642 3637 3639 3668 3641 3638 3666
250 3670 3662 248 3669 3672 3661 249
3670 3646 3644 3662 3671 3645 3663 3672
252 357 3670 250 358 3673 3669 251
357 355 3646 3670 356 3647 3671 3673
3628 3675 3685 3626 3674 3684 3687 3627
3626 3685 3635 3624 3687 3686 3634 3625
3675 3677 3682 3685 3676 3681 3688 3684
3685 3682 3637 3635 3688 3683 3636 3686
3677 3679 3690 3682 3678 3689 3692 3681
3682 3690 3639 3637 3692 3691 3638 3683
3679 240 242 3690 3680 241 3693 3689
3690 242 244 3639 3693 243 3640 3691
3695 3700 3137 3135 3699 3702 3136 3694
3700 3632 3139 3137 3701 3633 3138 3702
3677 3675 3704 3697 3676 3703 3706 3698
3697 3704 3700 3695 3706 3705 3699 3696
3675 3628 3630 3704 3674 3629 3707 3703
3704 3630 3632 3700 3707 3631 3701 3705
236 3709 3133 234 3708 3711 3132 235
3709 3695 3135 3133 3710 3694 3134 3711
238 3713 3709 236 3712 3715 3708 237
3713 3697 3695 3709 3714 3696 3710 3715
240 3679 3713 238 3680 3716 3712 239
3679 3677 3697 3713 3678 3698 3714 3716
3729 3734 3737 3727 3733 3736 3739 3728
3727 3737 3718 3720 3739 3738 3719 3726
3734 3603 3605 3737 3735 3604 3740 3736
3737 3605 3607 3718 3740 3606 3717 3738
3731 3742 3734 3729 3741 3744 3733 3730
3742 3601 3603 3734 3743 3602 3735 3744
345 343 3742 3731 344 3745 3741 3732
343 341 3601 3742 342 3600 3743 3745
3620 3747 3752 3622 3746 3751 3754 3621
3622 3752 3724 3624 3754 3753 3725 3623
3747 3749 3756 3752 3748 3755 3758 3751
3752 3756 3722 3724 3758 3757 3723 3753
3749 3729 3727 3756 3750 3728 3759 3755
3756 3727 3720 3722 3759 3726 3721 3757
351 349 3761 3618 350 3760 3763 3617
3618 3761 3747 3620 3763 3762 3746 3619
3731 3765 347 345 3764 3767 346 3732
3765 3761 349 347 3766 3760 348 3767
3729 3749 3765 3731 3750 3768 3764 3730
3749 3747 3761 3765 3748 3762 3766 3768
3611 3770 3782 3609 3769 3781 3784 3610
3609 3782 3718 3607 3784 3783 3717 3608
3770 3772 3779 3782 3771 3778 3785 3781
3782 3779 3720 3718 3785 3780 3719 3783
3772 3774 3787 3779 3773 3786 3789 3778
3779 3787 3722 3720 3789 3788 3721 3780
3626 3791 3776 3628 3790 3793 3777 3627
3791 3787 3774 3776 3792 3786 3775 3793
3624 3724 3791 3626 3725 3794 3790 3625
3724 3722 3787 3791 3723 3788 3792 3794
3796 3801 3147 3145 3800 3803 3146 3795
3801 3615 3149 3147 3802 3616 3148 3803
3798 3805 3801 3796 3804 3807 3800 3797
3805 3613 3615 3801 3806 3614 3802 3807
3772 3770 3805 3798 3771 3808 3804 3799
3770 3611 3613 3805 3769 3612 3806 3808
3632 3810 3141 3139 3809 3814 3140 3633
3810 3812 3143 3141 3811 3815 3142 3814
3812 3796 3145 3143 3813 3795 3144 3815
3628 3776 3817 3630 3777 3816 3819 3629
3630 3817 3810 3632 3819 3818 3809 3631
3798 3821 3774 3772 3820 3823 3773 3799
3821 3817 3776 3774 3822 3816 3775 3823
3796 3812 3821 3798 3813 3824 3820 3797
3812 3810 3817 3821 3811 3818 3822 3824
3852 3857 3860 3850 3856 3859 3862 3851
3850 3860 3826 3828 3862 3861 3827 3849
3857 2227 2225 3860 3858 2226 3863 3859
3860 2225 2223 3826 3863 2224 3825 3861
3854 3865 3857 3852 3864 3867 3856 3853
3865 2229 2227 3857 3866 2228 3858 3867
327 325 3865 3854 326 3868 3864 3855
325 323 2229 3865 324 2230 3866 3868
3845 3870 3873 3843 3869 3872 3875 3844
3843 3873 3830 3832 3875 3874 3831 3842
3870 3852 3850 3873 3871 3851 3876 3872
3873 3850 3828 3830 3876 3849 3829 3874
3847 3878 3870 3845 3877 3880 3869 3846
3878 3854 3852 3870 3879 3853 3871 3880
331 329 3878 3847 330 3881 3877 3848
329 327 3854 3878 328 3855 3879 3881
3883 3893 3834 3836 3892 3895 3835 3882
3893 3843 3832 3834 3894 3842 3833 3895
3885 3890 3893 3883 3889 3896 3892 3884
3890 3845 3843 3893 3891 3844 3894 3896
335 333 3898 3887 334 3897 3900 3888
3887 3898 3890 3885 3900 3899 3889 3886
333 331 3847 3898 332 3848 3901 3897
3898 3847 3845 3890 3901 3846 3891 3899
3603 3903 3908 3605 3902 3907 3910 3604
3605 3908 3840 3607 3910 3909 3841 3606
3883 3912 3905 3885 3911 3914 3906 3884
3912 3908 3903 3905 3913 3907 3904 3914
3836 3838 3912 3883 3837 3915 3911 3882
3838 3840 3908 3912 3839 3909 3913 3915
341 339 3917 3601 340 3916 3919 3600
3601 3917 3903 3603 3919 3918 3902 3602
339 337 3921 3917 338 3920 3923 3916
3917 3921 3905 3903 3923 3922 3904 3918
337 335 3887 3921 336 3888 3924 3920
3921 3887 3885 3905 3924 3886 3906 3922
3942 3945 3935 3937 3944 3947 3936 3941
3945 3926 3928 3935 3946 3927 3934 3947
3163 3161 3945 3942 3162 3948 3944 3943
3161 3159 3926 3945 3160 3925 3946 3948
3937 3939 3950 3942 3938 3949 3952 3941
3942 3950 3165 3163 3952 3951 3164 3943
3939 2217 2215 3950 3940 2216 3953 3949
3950 2215 2213 3165 3953 2214 3166 3951
3955 3960 3830 3828 3959 3962 3829 3954
3960 3932 3832 3830 3961 3933 3831 3962
3937 3935 3964 3957 3936 3963 3966 3958
3957 3964 3960 3955 3966 3965 3959 3956
3935 3928 3930 3964 3934 3929 3967 3963
3964 3930 3932 3960 3967 3931 3961 3965
2221 3969 3826 2223 3968 3971 3825 2222
3969 3955 3828 3826 3970 3954 3827 3971
2217 3939 3973 2219 3940 3972 3975 2218
2219 3973 3969 2221 3975 3974 3968 2220
3939 3937 3957 3973 3938 3958 3976 3972
3973 3957 3955 3969 3976 3956 3970 3974
3987 3990 3978 3980 3989 3992 3979 3986
3990 3615 3613 3978 3991 3614 3977 3992
3153 3151 3990 3987 3152 3993 3989 3988
3151 3149 3615 3990 3150 3616 3991 3993
3980 3982 3995 3987 3981 3994 3997 3986
3987 3995 3155 3153 3997 3996 3154 3988
3926 3999 3984 3928 3998 4001 3985 3927
3999 3995 3982 3984 4000 3994 3983 4001
3159 3157 3999 3926 3158 4002 3998 3925
3157 3155 3995 3999 3156 3996 4000 4002
4004 4009 3840 3838 4008 4011 3839 4003
4009 3609 3607 3840 4010 3608 3841 4011
4006 4013 4009 4004 4012 4015 4008 4005
4013 3611 3609 4009 4014 3610 4010 4015
3980 3978 4013 4006 3979 4016 4012 4007
3978 3613 3611 4013 3977 3612 4014 4016
3838 3836 4018 4004 3837 4017 4022 4003
4004 4018 4020 4006 4022 4019 4023 4005
4006 4020 3982 3980 4023 4021 3981 4007
3932 4025 3834 3832 4024 4027 3833 3933
4025 4018 3836 3834 4026 4017 3835 4027
3930 4029 4025 3932 4028 4031 4024 3931
4029 4020 4018 4025 4030 4019 4026 4031
3928 3984 4029 3930 3985 4032 4028 3929
3984 3982 4020 4029 3983 4021 4030 4032
