1764
5457 5385 5383 5448 5460 5384 5449 5458
5158 5156 5385 5457 5157 5386 5460 5456
5453 5457 5448 5446 5459 5458 5447 5454
5160 5158 5457 5453 5159 5456 5459 5452
4842 5453 5446 4844 5455 5454 5445 4843
4840 5160 5453 4842 5161 5452 5455 4841
5448 5383 5381 5427 5449 5382 5428 5451
5446 5448 5427 5425 5447 5451 5426 5450
4844 5446 5425 4846 5445 5450 5424 4845
5432 5430 5437 5441 5431 5438 5442 5444
5377 5432 5441 5379 5433 5444 5440 5378
5441 5437 5425 5427 5442 5436 5426 5443
5379 5441 5427 5381 5440 5443 5428 5380
4848 5437 5430 4850 5439 5438 5429 4849
4846 5425 5437 4848 5424 5436 5439 4847
5432 5377 4246 4244 5433 5376 4245 5435
5430 5432 4244 4242 5431 5435 4243 5434
4850 5430 4242 4240 5429 5434 4241 4851
5390 5388 5411 5420 5389 5412 5421 5423
5301 5390 5420 5303 5391 5423 5419 5302
5420 5411 5409 5416 5421 5410 5417 5422
5303 5420 5416 5305 5419 5422 5415 5304
5416 5409 5154 5152 5417 5408 5153 5418
5305 5416 5152 5150 5415 5418 5151 5306
5383 5411 5388 5381 5414 5412 5387 5382
5385 5409 5411 5383 5413 5410 5414 5384
5156 5154 5409 5385 5155 5408 5413 5386
5404 5395 5393 5400 5407 5394 5401 5405
4250 4248 5395 5404 4249 5396 5407 5403
5297 5404 5400 5299 5406 5405 5399 5298
4252 4250 5404 5297 4251 5403 5406 5296
5400 5393 5388 5390 5401 5392 5389 5402
5299 5400 5390 5301 5399 5402 5391 5300
5377 5395 4248 4246 5398 5396 4247 5376
5379 5393 5395 5377 5397 5394 5398 5378
5381 5388 5393 5379 5387 5392 5397 5380
5372 5363 5361 5368 5375 5362 5369 5373
5314 5312 5363 5372 5313 5364 5375 5371
2967 5372 5368 2969 5374 5373 5367 2968
2965 5314 5372 2967 5315 5371 5374 2966
5368 5361 5144 5142 5369 5360 5143 5370
2969 5368 5142 2971 5367 5370 5141 2970
5349 5363 5312 5310 5366 5364 5311 5350
5347 5361 5363 5349 5365 5362 5366 5348
5146 5144 5361 5347 5145 5360 5365 5346
5308 5301 5303 5356 5307 5302 5357 5359
5310 5308 5356 5349 5309 5359 5355 5350
5356 5303 5305 5352 5357 5304 5353 5358
5349 5356 5352 5347 5355 5358 5351 5348
5352 5305 5150 5148 5353 5306 5149 5354
5347 5352 5148 5146 5351 5354 5147 5346
5342 5333 5331 5338 5345 5332 5339 5343
4260 4258 5333 5342 4259 5334 5345 5341
2961 5342 5338 2963 5344 5343 5337 2962
2959 4260 5342 2961 4261 5341 5344 2960
5338 5331 5312 5314 5339 5330 5313 5340
2963 5338 5314 2965 5337 5340 5315 2964
5319 5333 4258 4256 5336 5334 4257 5320
5317 5331 5333 5319 5335 5332 5336 5318
5310 5312 5331 5317 5311 5330 5335 5316
5326 5297 5299 5322 5329 5298 5323 5327
4254 4252 5297 5326 4253 5296 5329 5325
5319 5326 5322 5317 5328 5327 5321 5318
4256 4254 5326 5319 4255 5325 5328 5320
5322 5299 5301 5308 5323 5300 5307 5324
5317 5322 5308 5310 5321 5324 5309 5316
5292 5234 5232 5283 5295 5233 5284 5293
395 393 5234 5292 394 5235 5295 5291
5288 5292 5283 5281 5294 5293 5282 5289
397 395 5292 5288 396 5291 5294 5287
4832 5288 5281 4834 5290 5289 5280 4833
399 397 5288 4832 398 5287 5290 4831
5283 5232 5230 5269 5284 5231 5270 5286
5281 5283 5269 5267 5282 5286 5268 5285
4834 5281 5267 4836 5280 5285 5266 4835
5276 5228 5156 5158 5279 5227 5157 5277
5269 5230 5228 5276 5270 5229 5279 5275
5272 5276 5158 5160 5278 5277 5159 5273
5267 5269 5276 5272 5268 5275 5278 5271
4838 5272 5160 4840 5274 5273 5161 4839
4836 5267 5272 4838 5266 5271 5274 4837
5262 5169 5167 5253 5265 5168 5254 5263
389 387 5169 5262 388 5170 5265 5261
5258 5262 5253 5251 5264 5263 5252 5259
391 389 5262 5258 390 5261 5264 5257
5234 5258 5251 5232 5260 5259 5250 5233
393 391 5258 5234 392 5257 5260 5235
5253 5167 5165 5239 5254 5166 5240 5256
5251 5253 5239 5237 5252 5256 5238 5255
5232 5251 5237 5230 5250 5255 5236 5231
5246 5163 5150 5152 5249 5162 5151 5247
5239 5165 5163 5246 5240 5164 5249 5245
5242 5246 5152 5154 5248 5247 5153 5243
5237 5239 5246 5242 5238 5245 5248 5241
5228 5242 5154 5156 5244 5243 5155 5227
5230 5237 5242 5228 5236 5241 5244 5229
5223 5200 5198 5214 5226 5199 5215 5224
5176 5174 5200 5223 5175 5201 5226 5222
5219 5223 5214 5212 5225 5224 5213 5220
5178 5176 5223 5219 5177 5222 5225 5218
2977 5219 5212 2979 5221 5220 5211 2978
2975 5178 5219 2977 5179 5218 5221 2976
5214 5198 383 381 5215 5197 382 5217
5212 5214 381 379 5213 5217 380 5216
2979 5212 379 377 5211 5216 378 2980
5207 5167 5169 5203 5210 5168 5204 5208
5172 5165 5167 5207 5171 5166 5210 5206
5200 5207 5203 5198 5209 5208 5202 5199
5174 5172 5207 5200 5173 5206 5209 5201
5203 5169 387 385 5204 5170 386 5205
5198 5203 385 383 5202 5205 384 5197
5142 5144 5189 5193 5143 5190 5194 5196
2971 5142 5193 2973 5141 5196 5192 2972
5193 5189 5176 5178 5194 5188 5177 5195
2973 5193 5178 2975 5192 5195 5179 2974
5181 5189 5144 5146 5191 5190 5145 5182
5174 5176 5189 5181 5175 5188 5191 5180
5184 5181 5146 5148 5187 5182 5147 5185
5172 5174 5181 5184 5173 5180 5187 5183
5163 5184 5148 5150 5186 5185 5149 5162
5165 5172 5184 5163 5171 5183 5186 5164
5137 5128 5126 5133 5140 5127 5134 5138
5079 5077 5128 5137 5078 5129 5140 5136
4999 5137 5133 5001 5139 5138 5132 5000
4997 5079 5137 4999 5080 5136 5139 4998
5133 5126 4865 4863 5134 5125 4864 5135
5001 5133 4863 4861 5132 5135 4862 5002
5114 5128 5077 5075 5131 5129 5076 5115
5112 5126 5128 5114 5130 5127 5131 5113
4867 4865 5126 5112 4866 5125 5130 5111
5121 280 282 5117 5124 281 5118 5122
5073 278 280 5121 5072 279 5124 5120
5114 5121 5117 5112 5123 5122 5116 5113
5075 5073 5121 5114 5074 5120 5123 5115
5117 282 284 4869 5118 283 4870 5119
5112 5117 4869 4867 5116 5119 4868 5111
5098 5096 5103 5107 5097 5104 5108 5110
5082 5098 5107 5084 5099 5110 5106 5083
5107 5103 4228 4226 5108 5102 4227 5109
5084 5107 4226 4224 5106 5109 4225 5085
4993 5103 5096 4995 5105 5104 5095 4994
4230 4228 5103 4993 4229 5102 5105 4992
5098 5082 5075 5077 5099 5081 5076 5101
5096 5098 5077 5079 5097 5101 5078 5100
4995 5096 5079 4997 5095 5100 5080 4996
5091 274 276 5087 5094 275 5088 5092
4222 272 274 5091 4221 273 5094 5090
5084 5091 5087 5082 5093 5092 5086 5083
4224 4222 5091 5084 4223 5090 5093 5085
5087 276 278 5073 5088 277 5072 5089
5082 5087 5073 5075 5086 5089 5074 5081
5068 5045 5043 5059 5071 5044 5060 5069
5008 5006 5045 5068 5007 5046 5071 5067
5064 5068 5059 5057 5070 5069 5058 5065
5010 5008 5068 5064 5009 5067 5070 5063
4844 5064 5057 4842 5066 5065 5056 4843
4846 5010 5064 4844 5011 5063 5066 4845
5059 5043 4857 4855 5060 5042 4856 5062
5057 5059 4855 4853 5058 5062 4854 5061
4842 5057 4853 4840 5056 5061 4852 4841
5004 4997 4999 5052 5003 4998 5053 5055
5006 5004 5052 5045 5005 5055 5051 5046
5052 4999 5001 5048 5053 5000 5049 5054
5045 5052 5048 5043 5051 5054 5047 5044
5048 5001 4861 4859 5049 5002 4860 5050
5043 5048 4859 4857 5047 5050 4858 5042
5038 5015 5013 5029 5041 5014 5030 5039
4236 4234 5015 5038 4235 5016 5041 5037
5034 5038 5029 5027 5040 5039 5028 5035
4238 4236 5038 5034 4237 5037 5040 5033
4850 5034 5027 4848 5036 5035 5026 4849
4240 4238 5034 4850 4239 5033 5036 4851
5029 5013 5006 5008 5030 5012 5007 5032
5027 5029 5008 5010 5028 5032 5009 5031
4848 5027 5010 4846 5026 5031 5011 4847
4232 4230 4993 5022 4231 4992 5023 5025
4234 4232 5022 5015 4233 5025 5021 5016
5022 4993 4995 5018 5023 4994 5019 5024
5015 5022 5018 5013 5021 5024 5017 5014
5018 4995 4997 5004 5019 4996 5003 5020
5013 5018 5004 5006 5017 5020 5005 5012
4979 4977 4984 4988 4978 4985 4989 4991
4941 4979 4988 4943 4980 4991 4987 4942
4988 4984 417 415 4989 4983 416 4990
4943 4988 415 413 4987 4990 414 4944
292 4984 4977 290 4986 4985 4976 291
294 417 4984 292 418 4983 4986 293
4979 4941 4939 4965 4980 4940 4966 4982
4977 4979 4965 4963 4978 4982 4964 4981
290 4977 4963 288 4976 4981 4962 289
4972 4937 4865 4867 4975 4936 4866 4973
4965 4939 4937 4972 4966 4938 4975 4971
4968 4972 4867 4869 4974 4973 4868 4969
4963 4965 4972 4968 4964 4971 4974 4967
286 4968 4869 284 4970 4969 4870 285
288 4963 4968 286 4962 4967 4970 287
4958 4878 4876 4954 4961 4877 4955 4959
411 409 4878 4958 410 4879 4961 4957
4943 4958 4954 4941 4960 4959 4953 4942
413 411 4958 4943 412 4957 4960 4944
4954 4876 4874 4946 4955 4875 4947 4956
4941 4954 4946 4939 4953 4956 4945 4940
4946 4874 4872 4949 4947 4873 4950 4952
4939 4946 4949 4937 4945 4952 4948 4938
4949 4872 4861 4863 4950 4871 4862 4951
4937 4949 4863 4865 4948 4951 4864 4936
4887 4885 4923 4932 4886 4924 4933 4935
4836 4887 4932 4834 4888 4935 4931 4835
4932 4923 4921 4928 4933 4922 4929 4934
4834 4932 4928 4832 4931 4934 4927 4833
4928 4921 403 401 4929 4920 402 4930
4832 4928 401 399 4927 4930 400 4831
4909 4923 4885 4883 4926 4924 4884 4910
4907 4921 4923 4909 4925 4922 4926 4908
405 403 4921 4907 404 4920 4925 4906
4916 4876 4878 4912 4919 4877 4913 4917
4881 4874 4876 4916 4880 4875 4919 4915
4909 4916 4912 4907 4918 4917 4911 4908
4883 4881 4916 4909 4882 4915 4918 4910
4912 4878 409 407 4913 4879 408 4914
4907 4912 407 405 4911 4914 406 4906
4902 4838 4840 4853 4905 4839 4852 4903
4887 4836 4838 4902 4888 4837 4905 4901
4898 4902 4853 4855 4904 4903 4854 4899
4885 4887 4902 4898 4886 4901 4904 4897
4890 4898 4855 4857 4900 4899 4856 4891
4883 4885 4898 4890 4884 4897 4900 4889
4859 4861 4872 4893 4860 4871 4894 4896
4857 4859 4893 4890 4858 4896 4892 4891
4893 4872 4874 4881 4894 4873 4880 4895
4890 4893 4881 4883 4892 4895 4882 4889
4818 4816 4823 4827 4817 4824 4828 4830
4767 4818 4827 4769 4819 4830 4826 4768
4827 4823 4691 4689 4828 4822 4690 4829
4769 4827 4689 4687 4826 4829 4688 4770
4553 4823 4816 4555 4825 4824 4815 4554
4551 4691 4823 4553 4692 4822 4825 4552
4818 4767 4765 4804 4819 4766 4805 4821
4816 4818 4804 4802 4817 4821 4803 4820
4555 4816 4802 4557 4815 4820 4801 4556
219 221 4807 4811 220 4808 4812 4814
217 219 4811 4763 218 4814 4810 4762
4811 4807 4802 4804 4812 4806 4803 4813
4763 4811 4804 4765 4810 4813 4805 4764
4559 4807 221 223 4809 4808 222 4560
4557 4802 4807 4559 4801 4806 4809 4558
4797 4788 4786 4793 4800 4787 4794 4798
4774 4772 4788 4797 4773 4789 4800 4796
2945 4797 4793 2947 4799 4798 4792 2946
2943 4774 4797 2945 4775 4796 4799 2944
4793 4786 4685 4683 4794 4785 4684 4795
2947 4793 4683 2949 4792 4795 4682 2948
4767 4788 4772 4765 4791 4789 4771 4766
4769 4786 4788 4767 4790 4787 4791 4768
4687 4685 4786 4769 4686 4785 4790 4770
213 215 4777 4781 214 4778 4782 4784
211 213 4781 2941 212 4784 4780 2940
4781 4777 4772 4774 4782 4776 4773 4783
2941 4781 4774 2943 4780 4783 4775 2942
4763 4777 215 217 4779 4778 216 4762
4765 4772 4777 4763 4771 4776 4779 4764
4749 4747 4754 4758 4748 4755 4759 4761
4698 4749 4758 4700 4750 4761 4757 4699
4758 4754 4252 4254 4759 4753 4253 4760
4700 4758 4254 4256 4757 4760 4255 4701
4543 4754 4747 4545 4756 4755 4746 4544
4250 4252 4754 4543 4251 4753 4756 4542
4749 4698 4696 4735 4750 4697 4736 4752
4747 4749 4735 4733 4748 4752 4734 4751
4545 4747 4733 4547 4746 4751 4732 4546
4689 4691 4738 4742 4690 4739 4743 4745
4687 4689 4742 4694 4688 4745 4741 4693
4742 4738 4733 4735 4743 4737 4734 4744
4694 4742 4735 4696 4741 4744 4736 4695
4549 4738 4691 4551 4740 4739 4692 4550
4547 4733 4738 4549 4732 4737 4740 4548
4728 4719 4717 4724 4731 4718 4725 4729
4705 4703 4719 4728 4704 4720 4731 4727
2955 4728 4724 2957 4730 4729 4723 2956
2953 4705 4728 2955 4706 4727 4730 2954
4724 4717 4258 4260 4725 4716 4259 4726
2957 4724 4260 2959 4723 4726 4261 2958
4698 4719 4703 4696 4722 4720 4702 4697
4700 4717 4719 4698 4721 4718 4722 4699
4256 4258 4717 4700 4257 4716 4721 4701
4712 2951 2949 4683 4715 2950 4682 4713
4705 2953 2951 4712 4706 2952 4715 4711
4708 4712 4683 4685 4714 4713 4684 4709
4703 4705 4712 4708 4704 4711 4714 4707
4694 4708 4685 4687 4710 4709 4686 4693
4696 4703 4708 4694 4702 4707 4710 4695
4678 4669 4667 4674 4681 4668 4675 4679
4655 4653 4669 4678 4654 4670 4681 4677
4631 4678 4674 4633 4680 4679 4673 4632
4629 4655 4678 4631 4656 4677 4680 4630
4674 4667 4568 4566 4675 4666 4567 4676
4633 4674 4566 4564 4673 4676 4565 4634
4275 4669 4653 4277 4672 4670 4652 4276
4273 4667 4669 4275 4671 4668 4672 4274
4271 4568 4667 4273 4569 4666 4671 4272
229 231 4658 4662 230 4659 4663 4665
227 229 4662 4627 228 4665 4661 4626
4662 4658 4653 4655 4663 4657 4654 4664
4627 4662 4655 4629 4661 4664 4656 4628
4279 4658 231 233 4660 4659 232 4280
4277 4653 4658 4279 4652 4657 4660 4278
4648 4553 4555 4644 4651 4554 4645 4649
4562 4551 4553 4648 4561 4552 4651 4647
4633 4648 4644 4631 4650 4649 4643 4632
4564 4562 4648 4633 4563 4647 4650 4634
4644 4555 4557 4636 4645 4556 4637 4646
4631 4644 4636 4629 4643 4646 4635 4630
4639 4559 223 225 4642 4560 224 4640
4636 4557 4559 4639 4637 4558 4642 4638
4627 4639 225 227 4641 4640 226 4626
4629 4636 4639 4627 4635 4638 4641 4628
4613 4611 4618 4622 4612 4619 4623 4625
4575 4613 4622 4577 4614 4625 4621 4576
4622 4618 4242 4244 4623 4617 4243 4624
4577 4622 4244 4246 4621 4624 4245 4578
4263 4618 4611 4265 4620 4619 4610 4264
4240 4242 4618 4263 4241 4617 4620 4262
4613 4575 4573 4599 4614 4574 4600 4616
4611 4613 4599 4597 4612 4616 4598 4615
4265 4611 4597 4267 4610 4615 4596 4266
4606 4571 4564 4566 4609 4570 4565 4607
4599 4573 4571 4606 4600 4572 4609 4605
4602 4606 4566 4568 4608 4607 4567 4603
4597 4599 4606 4602 4598 4605 4608 4601
4269 4602 4568 4271 4604 4603 4569 4270
4267 4597 4602 4269 4596 4601 4604 4268
4248 4250 4543 4592 4249 4542 4593 4595
4246 4248 4592 4577 4247 4595 4591 4578
4592 4543 4545 4588 4593 4544 4589 4594
4577 4592 4588 4575 4591 4594 4587 4576
4588 4545 4547 4580 4589 4546 4581 4590
4575 4588 4580 4573 4587 4590 4579 4574
4580 4547 4549 4583 4581 4548 4584 4586
4573 4580 4583 4571 4579 4586 4582 4572
4583 4549 4551 4562 4584 4550 4561 4585
4571 4583 4562 4564 4582 4585 4563 4570
4538 4529 4527 4534 4541 4528 4535 4539
4515 4513 4529 4538 4514 4530 4541 4537
4491 4538 4534 4493 4540 4539 4533 4492
4489 4515 4538 4491 4516 4537 4540 4490
4534 4527 4298 4296 4535 4526 4297 4536
4493 4534 4296 4294 4533 4536 4295 4494
258 4529 4513 256 4532 4530 4512 257
260 4527 4529 258 4531 4528 4532 259
262 4298 4527 260 4299 4526 4531 261
4522 4487 247 249 4525 4486 248 4523
4515 4489 4487 4522 4516 4488 4525 4521
4518 4522 249 251 4524 4523 250 4519
4513 4515 4522 4518 4514 4521 4524 4517
254 4518 251 1 4520 4519 252 253
256 4513 4518 254 4512 4517 4520 255
4292 4290 4428 4508 4291 4429 4509 4511
4294 4292 4508 4493 4293 4511 4507 4494
4508 4428 4426 4504 4509 4427 4505 4510
4493 4508 4504 4491 4507 4510 4503 4492
4504 4426 4424 4496 4505 4425 4497 4506
4491 4504 4496 4489 4503 4506 4495 4490
4499 4422 243 245 4502 4421 244 4500
4496 4424 4422 4499 4497 4423 4502 4498
4487 4499 245 247 4501 4500 246 4486
4489 4496 4499 4487 4495 4498 4501 4488
4437 4435 4473 4482 4436 4474 4483 4485
4277 4437 4482 4275 4438 4485 4481 4276
4482 4473 4471 4478 4483 4472 4479 4484
4275 4482 4478 4273 4481 4484 4477 4274
4478 4471 4284 4282 4479 4470 4283 4480
4273 4478 4282 4271 4477 4480 4281 4272
4459 4473 4435 4433 4476 4474 4434 4460
4457 4471 4473 4459 4475 4472 4476 4458
4286 4284 4471 4457 4285 4470 4475 4456
4431 4424 4426 4466 4430 4425 4467 4469
4433 4431 4466 4459 4432 4469 4465 4460
4466 4426 4428 4462 4467 4427 4463 4468
4459 4466 4462 4457 4465 4468 4461 4458
4462 4428 4290 4288 4463 4429 4289 4464
4457 4462 4288 4286 4461 4464 4287 4456
4452 4279 233 235 4455 4280 234 4453
4437 4277 4279 4452 4438 4278 4455 4451
4448 4452 235 237 4454 4453 236 4449
4435 4437 4452 4448 4436 4451 4454 4447
4440 4448 237 239 4450 4449 238 4441
4433 4435 4448 4440 4434 4447 4450 4439
4443 4440 239 241 4446 4441 240 4444
4431 4433 4440 4443 4432 4439 4446 4442
4422 4443 241 243 4445 4444 242 4421
4424 4431 4443 4422 4430 4442 4445 4423
4417 4372 4370 4408 4420 4371 4409 4418
4224 4226 4372 4417 4225 4373 4420 4416
4413 4417 4408 4406 4419 4418 4407 4414
4222 4224 4417 4413 4223 4416 4419 4412
270 4413 4406 268 4415 4414 4405 269
272 4222 4413 270 4221 4412 4415 271
4408 4370 4368 4394 4409 4369 4395 4411
4406 4408 4394 4392 4407 4411 4393 4410
268 4406 4392 266 4405 4410 4391 267
4401 4366 4294 4296 4404 4365 4295 4402
4394 4368 4366 4401 4395 4367 4404 4400
4397 4401 4296 4298 4403 4402 4297 4398
4392 4394 4401 4397 4393 4400 4403 4396
264 4397 4298 262 4399 4398 4299 263
266 4392 4397 264 4391 4396 4399 265
4228 4230 4307 4387 4229 4308 4388 4390
4226 4228 4387 4372 4227 4390 4386 4373
4387 4307 4305 4383 4388 4306 4384 4389
4372 4387 4383 4370 4386 4389 4382 4371
4383 4305 4303 4375 4384 4304 4376 4385
4370 4383 4375 4368 4382 4385 4374 4369
4378 4301 4290 4292 4381 4300 4291 4379
4375 4303 4301 4378 4376 4302 4381 4377
4366 4378 4292 4294 4380 4379 4293 4365
4368 4375 4378 4366 4374 4377 4380 4367
4352 4350 4357 4361 4351 4358 4362 4364
4336 4352 4361 4338 4353 4364 4360 4337
4361 4357 4316 4314 4362 4356 4315 4363
4338 4361 4314 4312 4360 4363 4313 4339
4265 4357 4350 4263 4359 4358 4349 4264
4267 4316 4357 4265 4317 4356 4359 4266
4352 4336 4234 4236 4353 4335 4235 4355
4350 4352 4236 4238 4351 4355 4237 4354
4263 4350 4238 4240 4349 4354 4239 4262
4310 4303 4305 4345 4309 4304 4346 4348
4312 4310 4345 4338 4311 4348 4344 4339
4345 4305 4307 4341 4346 4306 4342 4347
4338 4345 4341 4336 4344 4347 4340 4337
4341 4307 4230 4232 4342 4308 4231 4343
4336 4341 4232 4234 4340 4343 4233 4335
4331 4269 4271 4282 4334 4270 4281 4332
4316 4267 4269 4331 4317 4268 4334 4330
4327 4331 4282 4284 4333 4332 4283 4328
4314 4316 4331 4327 4315 4330 4333 4326
4319 4327 4284 4286 4329 4328 4285 4320
4312 4314 4327 4319 4313 4326 4329 4318
4288 4290 4301 4322 4289 4300 4323 4325
4286 4288 4322 4319 4287 4325 4321 4320
4322 4301 4303 4310 4323 4302 4309 4324
4319 4322 4310 4312 4321 4324 4311 4318
4145 4143 4208 4217 4144 4209 4218 4220
3916 4145 4217 3918 4146 4220 4216 3917
4217 4208 4206 4213 4218 4207 4214 4219
3918 4217 4213 3920 4216 4219 4212 3919
4213 4206 3604 3602 4214 4205 3603 4215
3920 4213 3602 3600 4212 4215 3601 3921
4187 4208 4143 4141 4211 4209 4142 4188
4185 4206 4208 4187 4210 4207 4211 4186
3606 3604 4206 4185 3605 4205 4210 4184
4139 4137 4192 4201 4138 4193 4202 4204
4141 4139 4201 4187 4140 4204 4200 4188
4201 4192 4190 4197 4202 4191 4198 4203
4187 4201 4197 4185 4200 4203 4196 4186
4197 4190 3610 3608 4198 4189 3609 4199
4185 4197 3608 3606 4196 4199 3607 4184
3004 4192 4137 3006 4195 4193 4136 3005
3002 4190 4192 3004 4194 4191 4195 3003
3000 3610 4190 3002 3611 4189 4194 3001
4180 4150 4148 4171 4183 4149 4172 4181
4063 4061 4150 4180 4062 4151 4183 4179
4176 4180 4171 4169 4182 4181 4170 4177
4065 4063 4180 4176 4064 4179 4182 4175
3912 4176 4169 3914 4178 4177 4168 3913
3910 4065 4176 3912 4066 4175 4178 3911
4171 4148 4141 4143 4172 4147 4142 4174
4169 4171 4143 4145 4170 4174 4144 4173
3914 4169 4145 3916 4168 4173 4146 3915
4164 4155 4153 4160 4167 4154 4161 4165
4059 4057 4155 4164 4058 4156 4167 4163
4150 4164 4160 4148 4166 4165 4159 4149
4061 4059 4164 4150 4060 4163 4166 4151
4160 4153 4137 4139 4161 4152 4138 4162
4148 4160 4139 4141 4159 4162 4140 4147
3010 4155 4057 3012 4158 4156 4056 3011
3008 4153 4155 3010 4157 4154 4158 3009
3006 4137 4153 3008 4136 4152 4157 3007
4132 4123 4121 4128 4135 4122 4129 4133
4109 4107 4123 4132 4108 4124 4135 4131
4072 4132 4128 4074 4134 4133 4127 4073
4070 4109 4132 4072 4110 4131 4134 4071
4128 4121 365 363 4129 4120 364 4130
4074 4128 363 361 4127 4130 362 4075
3904 4123 4107 3906 4126 4124 4106 3905
3902 4121 4123 3904 4125 4122 4126 3903
367 365 4121 3902 366 4120 4125 3901
4116 4068 4061 4063 4119 4067 4062 4117
4109 4070 4068 4116 4110 4069 4119 4115
4112 4116 4063 4065 4118 4117 4064 4113
4107 4109 4116 4112 4108 4115 4118 4111
3908 4112 4065 3910 4114 4113 4066 3909
3906 4107 4112 3908 4106 4111 4114 3907
4102 4093 4091 4098 4105 4092 4099 4103
4079 4077 4093 4102 4078 4094 4105 4101
3018 4102 4098 3020 4104 4103 4097 3019
3016 4079 4102 3018 4080 4101 4104 3017
4098 4091 359 357 4099 4090 358 4100
3020 4098 357 355 4097 4100 356 3021
4072 4093 4077 4070 4096 4094 4076 4071
4074 4091 4093 4072 4095 4092 4096 4073
361 359 4091 4074 360 4090 4095 4075
4086 3014 3012 4057 4089 3013 4056 4087
4079 3016 3014 4086 4080 3015 4089 4085
4082 4086 4057 4059 4088 4087 4058 4083
4077 4079 4086 4082 4078 4085 4088 4081
4068 4082 4059 4061 4084 4083 4060 4067
4070 4077 4082 4068 4076 4081 4084 4069
4043 4041 4048 4052 4042 4049 4053 4055
4027 4043 4052 4029 4044 4055 4051 4028
4052 4048 3994 3992 4053 4047 3993 4054
4029 4052 3992 3990 4051 4054 3991 4030
2963 4048 4041 2961 4050 4049 4040 2962
2965 3994 4048 2963 3995 4047 4050 2964
4043 4027 3596 3594 4044 4026 3595 4046
4041 4043 3594 3592 4042 4046 3593 4045
2961 4041 3592 2959 4040 4045 3591 2960
4036 3918 3920 4032 4039 3919 4033 4037
3988 3916 3918 4036 3987 3917 4039 4035
4029 4036 4032 4027 4038 4037 4031 4028
3990 3988 4036 4029 3989 4035 4038 4030
4032 3920 3600 3598 4033 3921 3599 4034
4027 4032 3598 3596 4031 4034 3597 4026
4013 4011 4018 4022 4012 4019 4023 4025
3997 4013 4022 3999 4014 4025 4021 3998
4022 4018 3929 3927 4023 4017 3928 4024
3999 4022 3927 3925 4021 4024 3926 4000
2969 4018 4011 2967 4020 4019 4010 2968
2971 3929 4018 2969 3930 4017 4020 2970
4013 3997 3990 3992 4014 3996 3991 4016
4011 4013 3992 3994 4012 4016 3993 4015
2967 4011 3994 2965 4010 4015 3995 2966
4006 3912 3914 4002 4009 3913 4003 4007
3923 3910 3912 4006 3922 3911 4009 4005
3999 4006 4002 3997 4008 4007 4001 3998
3925 3923 4006 3999 3924 4005 4008 4000
4002 3914 3916 3988 4003 3915 3987 4004
3997 4002 3988 3990 4001 4004 3989 3996
3974 3972 3979 3983 3973 3980 3984 3986
3958 3974 3983 3960 3975 3986 3982 3959
3983 3979 3938 3936 3984 3978 3937 3985
3960 3983 3936 3934 3982 3985 3935 3961
2975 3979 3972 2973 3981 3980 3971 2974
2977 3938 3979 2975 3939 3978 3981 2976
3974 3958 3925 3927 3975 3957 3926 3977
3972 3974 3927 3929 3973 3977 3928 3976
2973 3972 3929 2971 3971 3976 3930 2972
3932 3904 3906 3967 3931 3905 3968 3970
3934 3932 3967 3960 3933 3970 3966 3961
3967 3906 3908 3963 3968 3907 3964 3969
3960 3967 3963 3958 3966 3969 3962 3959
3963 3908 3910 3923 3964 3909 3922 3965
3958 3963 3923 3925 3962 3965 3924 3957
3953 2979 377 375 3956 2980 376 3954
3938 2977 2979 3953 3939 2978 3956 3952
3949 3953 375 373 3955 3954 374 3950
3936 3938 3953 3949 3937 3952 3955 3948
3941 3949 373 371 3951 3950 372 3942
3934 3936 3949 3941 3935 3948 3951 3940
369 367 3902 3944 368 3901 3945 3947
371 369 3944 3941 370 3947 3943 3942
3944 3902 3904 3932 3945 3903 3931 3946
3941 3944 3932 3934 3943 3946 3933 3940
3897 3839 3837 3888 3900 3838 3889 3898
3759 3757 3839 3897 3758 3840 3900 3896
3893 3897 3888 3886 3899 3898 3887 3894
3761 3759 3897 3893 3760 3896 3899 3892
3623 3893 3886 3625 3895 3894 3885 3624
3621 3761 3893 3623 3762 3892 3895 3622
3888 3837 3835 3874 3889 3836 3875 3891
3886 3888 3874 3872 3887 3891 3873 3890
3625 3886 3872 3627 3885 3890 3871 3626
3881 3833 195 197 3884 3832 196 3882
3874 3835 3833 3881 3875 3834 3884 3880
3877 3881 197 199 3883 3882 198 3878
3872 3874 3881 3877 3873 3880 3883 3876
3629 3877 199 201 3879 3878 200 3630
3627 3872 3877 3629 3871 3876 3879 3628
3844 3842 3858 3867 3843 3859 3868 3870
2984 3844 3867 2986 3845 3870 3866 2985
3867 3858 3856 3863 3868 3857 3864 3869
2986 3867 3863 2988 3866 3869 3862 2987
3863 3856 3755 3753 3864 3855 3754 3865
2988 3863 3753 2990 3862 3865 3752 2989
3837 3858 3842 3835 3861 3859 3841 3836
3839 3856 3858 3837 3860 3857 3861 3838
3757 3755 3856 3839 3756 3855 3860 3840
3851 2982 189 191 3854 2981 190 3852
3844 2984 2982 3851 3845 2983 3854 3850
3847 3851 191 193 3853 3852 192 3848
3842 3844 3851 3847 3843 3850 3853 3846
3833 3847 193 195 3849 3848 194 3832
3835 3842 3847 3833 3841 3846 3849 3834
3805 3803 3819 3828 3804 3820 3829 3831
3766 3805 3828 3768 3806 3831 3827 3767
3828 3819 3817 3824 3829 3818 3825 3830
3768 3828 3824 3770 3827 3830 3823 3769
3824 3817 3602 3604 3825 3816 3603 3826
3770 3824 3604 3606 3823 3826 3605 3771
3615 3819 3803 3617 3822 3820 3802 3616
3613 3817 3819 3615 3821 3818 3822 3614
3600 3602 3817 3613 3601 3816 3821 3612
3812 3764 3757 3759 3815 3763 3758 3813
3805 3766 3764 3812 3806 3765 3815 3811
3808 3812 3759 3761 3814 3813 3760 3809
3803 3805 3812 3808 3804 3811 3814 3807
3619 3808 3761 3621 3810 3809 3762 3620
3617 3803 3808 3619 3802 3807 3810 3618
3775 3773 3789 3798 3774 3790 3799 3801
2994 3775 3798 2996 3776 3801 3797 2995
3798 3789 3787 3794 3799 3788 3795 3800
2996 3798 3794 2998 3797 3800 3793 2997
3794 3787 3608 3610 3795 3786 3609 3796
2998 3794 3610 3000 3793 3796 3611 2999
3768 3789 3773 3766 3792 3790 3772 3767
3770 3787 3789 3768 3791 3788 3792 3769
3606 3608 3787 3770 3607 3786 3791 3771
3753 3755 3778 3782 3754 3779 3783 3785
2990 3753 3782 2992 3752 3785 3781 2991
3782 3778 3773 3775 3783 3777 3774 3784
2992 3782 3775 2994 3781 3784 3776 2993
3764 3778 3755 3757 3780 3779 3756 3763
3766 3773 3778 3764 3772 3777 3780 3765
3725 3723 3739 3748 3724 3740 3749 3751
3699 3725 3748 3701 3726 3751 3747 3700
3748 3739 3737 3744 3749 3738 3745 3750
3701 3748 3744 3703 3747 3750 3743 3702
3744 3737 3638 3636 3745 3736 3637 3746
3703 3744 3636 3634 3743 3746 3635 3704
2945 3739 3723 2943 3742 3740 3722 2944
2947 3737 3739 2945 3741 3738 3742 2946
2949 3638 3737 2947 3639 3736 3741 2948
3732 3697 205 207 3735 3696 206 3733
3725 3699 3697 3732 3726 3698 3735 3731
3728 3732 207 209 3734 3733 208 3729
3723 3725 3732 3728 3724 3731 3734 3727
2941 3728 209 211 3730 3729 210 2940
2943 3723 3728 2941 3722 3727 3730 2942
3632 3621 3623 3718 3631 3622 3719 3721
3634 3632 3718 3703 3633 3721 3717 3704
3718 3623 3625 3714 3719 3624 3715 3720
3703 3718 3714 3701 3717 3720 3713 3702
3714 3625 3627 3706 3715 3626 3707 3716
3701 3714 3706 3699 3713 3716 3705 3700
3709 3629 201 203 3712 3630 202 3710
3706 3627 3629 3709 3707 3628 3712 3708
3697 3709 203 205 3711 3710 204 3696
3699 3706 3709 3697 3705 3708 3711 3698
3692 3683 3681 3688 3695 3682 3689 3693
3647 3645 3683 3692 3646 3684 3695 3691
2953 3692 3688 2951 3694 3693 3687 2952
2955 3647 3692 2953 3648 3691 3694 2954
3688 3681 3636 3638 3689 3680 3637 3690
2951 3688 3638 2949 3687 3690 3639 2950
3669 3683 3645 3643 3686 3684 3644 3670
3667 3681 3683 3669 3685 3682 3686 3668
3634 3636 3681 3667 3635 3680 3685 3666
3641 3615 3617 3676 3640 3616 3677 3679
3643 3641 3676 3669 3642 3679 3675 3670
3676 3617 3619 3672 3677 3618 3673 3678
3669 3676 3672 3667 3675 3678 3671 3668
3672 3619 3621 3632 3673 3620 3631 3674
3667 3672 3632 3634 3671 3674 3633 3666
3592 3594 3658 3662 3593 3659 3663 3665
2959 3592 3662 2957 3591 3665 3661 2958
3662 3658 3645 3647 3663 3657 3646 3664
2957 3662 3647 2955 3661 3664 3648 2956
3650 3658 3594 3596 3660 3659 3595 3651
3643 3645 3658 3650 3644 3657 3660 3649
3598 3600 3613 3653 3599 3612 3654 3656
3596 3598 3653 3650 3597 3656 3652 3651
3653 3613 3615 3641 3654 3614 3640 3655
3650 3653 3641 3643 3652 3655 3642 3649
3587 3578 3576 3583 3590 3577 3584 3588
3529 3527 3578 3587 3528 3579 3590 3586
3449 3587 3583 3451 3589 3588 3582 3450
3447 3529 3587 3449 3530 3586 3589 3448
3583 3576 3315 3313 3584 3575 3314 3585
3451 3583 3313 3311 3582 3585 3312 3452
3564 3578 3527 3525 3581 3579 3526 3565
3562 3576 3578 3564 3580 3577 3581 3563
3317 3315 3576 3562 3316 3575 3580 3561
3523 134 136 3571 3522 135 3572 3574
3525 3523 3571 3564 3524 3574 3570 3565
3571 136 138 3567 3572 137 3568 3573
3564 3571 3567 3562 3570 3573 3566 3563
3567 138 140 3319 3568 139 3320 3569
3562 3567 3319 3317 3566 3569 3318 3561
3548 3546 3553 3557 3547 3554 3558 3560
3532 3548 3557 3534 3549 3560 3556 3533
3557 3553 343 341 3558 3552 342 3559
3534 3557 341 339 3556 3559 340 3535
3443 3553 3546 3445 3555 3554 3545 3444
345 343 3553 3443 344 3552 3555 3442
3548 3532 3525 3527 3549 3531 3526 3551
3546 3548 3527 3529 3547 3551 3528 3550
3445 3546 3529 3447 3545 3550 3530 3446
337 128 130 3541 336 129 3542 3544
339 337 3541 3534 338 3544 3540 3535
3541 130 132 3537 3542 131 3538 3543
3534 3541 3537 3532 3540 3543 3536 3533
3537 132 134 3523 3538 133 3522 3539
3532 3537 3523 3525 3536 3539 3524 3531
3509 3507 3514 3518 3508 3515 3519 3521
3493 3509 3518 3495 3510 3521 3517 3494
3518 3514 3460 3458 3519 3513 3459 3520
3495 3518 3458 3456 3517 3520 3457 3496
3014 3514 3507 3012 3516 3515 3506 3013
3016 3460 3514 3014 3461 3513 3516 3015
3509 3493 3307 3305 3510 3492 3306 3512
3507 3509 3305 3303 3508 3512 3304 3511
3012 3507 3303 3010 3506 3511 3302 3011
3502 3449 3451 3498 3505 3450 3499 3503
3454 3447 3449 3502 3453 3448 3505 3501
3495 3502 3498 3493 3504 3503 3497 3494
3456 3454 3502 3495 3455 3501 3504 3496
3498 3451 3311 3309 3499 3452 3310 3500
3493 3498 3309 3307 3497 3500 3308 3492
3488 3465 3463 3479 3491 3464 3480 3489
351 349 3465 3488 350 3466 3491 3487
3484 3488 3479 3477 3490 3489 3478 3485
353 351 3488 3484 352 3487 3490 3483
3020 3484 3477 3018 3486 3485 3476 3019
355 353 3484 3020 354 3483 3486 3021
3479 3463 3456 3458 3480 3462 3457 3482
3477 3479 3458 3460 3478 3482 3459 3481
3018 3477 3460 3016 3476 3481 3461 3017
3472 3443 3445 3468 3475 3444 3469 3473
347 345 3443 3472 346 3442 3475 3471
3465 3472 3468 3463 3474 3473 3467 3464
349 347 3472 3465 348 3471 3474 3466
3468 3445 3447 3454 3469 3446 3453 3470
3463 3468 3454 3456 3467 3470 3455 3462
3438 3429 3427 3434 3441 3428 3435 3439
3415 3413 3429 3438 3414 3430 3441 3437
3391 3438 3434 3393 3440 3439 3433 3392
3389 3415 3438 3391 3416 3437 3440 3390
3434 3427 3039 3037 3435 3426 3038 3436
3393 3434 3037 3035 3433 3436 3036 3394
146 3429 3413 144 3432 3430 3412 145
148 3427 3429 146 3431 3428 3432 147
150 3039 3427 148 3040 3426 3431 149
3317 3319 3418 3422 3318 3419 3423 3425
3315 3317 3422 3387 3316 3425 3421 3386
3422 3418 3413 3415 3423 3417 3414 3424
3387 3422 3415 3389 3421 3424 3416 3388
142 3418 3319 140 3420 3419 3320 141
144 3413 3418 142 3412 3417 3420 143
3033 3031 3328 3408 3032 3329 3409 3411
3035 3033 3408 3393 3034 3411 3407 3394
3408 3328 3326 3404 3409 3327 3405 3410
3393 3408 3404 3391 3407 3410 3403 3392
3404 3326 3324 3396 3405 3325 3397 3406
3391 3404 3396 3389 3403 3406 3395 3390
3399 3322 3311 3313 3402 3321 3312 3400
3396 3324 3322 3399 3397 3323 3402 3398
3387 3399 3313 3315 3401 3400 3314 3386
3389 3396 3399 3387 3395 3398 3401 3388
3373 3371 3378 3382 3372 3379 3383 3385
3357 3373 3382 3359 3374 3385 3381 3358
3382 3378 3337 3335 3383 3377 3336 3384
3359 3382 3335 3333 3381 3384 3334 3360
3004 3378 3371 3002 3380 3379 3370 3003
3006 3337 3378 3004 3338 3377 3380 3005
3373 3357 3027 3025 3374 3356 3026 3376
3371 3373 3025 3023 3372 3376 3024 3375
3002 3371 3023 3000 3370 3375 3022 3001
3331 3324 3326 3366 3330 3325 3367 3369
3333 3331 3366 3359 3332 3369 3365 3360
3366 3326 3328 3362 3367 3327 3363 3368
3359 3366 3362 3357 3365 3368 3361 3358
3362 3328 3031 3029 3363 3329 3030 3364
3357 3362 3029 3027 3361 3364 3028 3356
3303 3305 3348 3352 3304 3349 3353 3355
3010 3303 3352 3008 3302 3355 3351 3009
3352 3348 3335 3337 3353 3347 3336 3354
3008 3352 3337 3006 3351 3354 3338 3007
3340 3348 3305 3307 3350 3349 3306 3341
3333 3335 3348 3340 3334 3347 3350 3339
3343 3340 3307 3309 3346 3341 3308 3344
3331 3333 3340 3343 3332 3339 3346 3342
3322 3343 3309 3311 3345 3344 3310 3321
3324 3331 3343 3322 3330 3342 3345 3323
3298 3289 3287 3294 3301 3288 3295 3299
3275 3273 3289 3298 3274 3290 3301 3297
3251 3298 3294 3253 3300 3299 3293 3252
3249 3275 3298 3251 3276 3297 3300 3250
3294 3287 3058 3056 3295 3286 3057 3296
3253 3294 3056 3054 3293 3296 3055 3254
156 3289 3273 154 3292 3290 3272 155
158 3287 3289 156 3291 3288 3292 157
160 3058 3287 158 3059 3286 3291 159
3037 3039 3278 3282 3038 3279 3283 3285
3035 3037 3282 3247 3036 3285 3281 3246
3282 3278 3273 3275 3283 3277 3274 3284
3247 3282 3275 3249 3281 3284 3276 3248
152 3278 3039 150 3280 3279 3040 151
154 3273 3278 152 3272 3277 3280 153
3268 3188 3186 3264 3271 3187 3265 3269
3052 3050 3188 3268 3051 3189 3271 3267
3253 3268 3264 3251 3270 3269 3263 3252
3054 3052 3268 3253 3053 3267 3270 3254
3264 3186 3184 3256 3265 3185 3257 3266
3251 3264 3256 3249 3263 3266 3255 3250
3256 3184 3182 3259 3257 3183 3260 3262
3249 3256 3259 3247 3255 3262 3258 3248
3259 3182 3031 3033 3260 3181 3032 3261
3247 3259 3033 3035 3258 3261 3034 3246
3242 3219 3217 3233 3245 3218 3234 3243
3195 3193 3219 3242 3194 3220 3245 3241
3238 3242 3233 3231 3244 3243 3232 3239
3197 3195 3242 3238 3196 3241 3244 3237
2994 3238 3231 2992 3240 3239 3230 2993
2996 3197 3238 2994 3198 3237 3240 2995
3233 3217 3046 3044 3234 3216 3045 3236
3231 3233 3044 3042 3232 3236 3043 3235
2992 3231 3042 2990 3230 3235 3041 2991
3191 3184 3186 3226 3190 3185 3227 3229
3193 3191 3226 3219 3192 3229 3225 3220
3226 3186 3188 3222 3227 3187 3223 3228
3219 3226 3222 3217 3225 3228 3221 3218
3222 3188 3050 3048 3223 3189 3049 3224
3217 3222 3048 3046 3221 3224 3047 3216
3023 3025 3208 3212 3024 3209 3213 3215
3000 3023 3212 2998 3022 3215 3211 2999
3212 3208 3195 3197 3213 3207 3196 3214
2998 3212 3197 2996 3211 3214 3198 2997
3200 3208 3025 3027 3210 3209 3026 3201
3193 3195 3208 3200 3194 3207 3210 3199
3203 3200 3027 3029 3206 3201 3028 3204
3191 3193 3200 3203 3192 3199 3206 3202
3182 3203 3029 3031 3205 3204 3030 3181
3184 3191 3203 3182 3190 3202 3205 3183
3177 3132 3130 3168 3180 3131 3169 3178
173 175 3132 3177 174 3133 3180 3176
3173 3177 3168 3166 3179 3178 3167 3174
171 173 3177 3173 172 3176 3179 3172
168 3173 3166 166 3175 3174 3165 167
3 171 3173 168 170 3172 3175 169
3168 3130 3128 3154 3169 3129 3155 3171
3166 3168 3154 3152 3167 3171 3153 3170
166 3166 3152 164 3165 3170 3151 165
3056 3058 3157 3161 3057 3158 3162 3164
3054 3056 3161 3126 3055 3164 3160 3125
3161 3157 3152 3154 3162 3156 3153 3163
3126 3161 3154 3128 3160 3163 3155 3127
162 3157 3058 160 3159 3158 3059 161
164 3152 3157 162 3151 3156 3159 163
177 179 3067 3147 178 3068 3148 3150
175 177 3147 3132 176 3150 3146 3133
3147 3067 3065 3143 3148 3066 3144 3149
3132 3147 3143 3130 3146 3149 3142 3131
3143 3065 3063 3135 3144 3064 3136 3145
3130 3143 3135 3128 3142 3145 3134 3129
3138 3061 3050 3052 3141 3060 3051 3139
3135 3063 3061 3138 3136 3062 3141 3137
3126 3138 3052 3054 3140 3139 3053 3125
3128 3135 3138 3126 3134 3137 3140 3127
3112 3110 3117 3121 3111 3118 3122 3124
3096 3112 3121 3098 3113 3124 3120 3097
3121 3117 3076 3074 3122 3116 3075 3123
3098 3121 3074 3072 3120 3123 3073 3099
2984 3117 3110 2982 3119 3118 3109 2983
2986 3076 3117 2984 3077 3116 3119 2985
3112 3096 183 185 3113 3095 184 3115
3110 3112 185 187 3111 3115 186 3114
2982 3110 187 189 3109 3114 188 2981
3105 3065 3067 3101 3108 3066 3102 3106
3070 3063 3065 3105 3069 3064 3108 3104
3098 3105 3101 3096 3107 3106 3100 3097
3072 3070 3105 3098 3071 3104 3107 3099
3101 3067 179 181 3102 3068 180 3103
3096 3101 181 183 3100 3103 182 3095
3042 3044 3087 3091 3043 3088 3092 3094
2990 3042 3091 2988 3041 3094 3090 2989
3091 3087 3074 3076 3092 3086 3075 3093
2988 3091 3076 2986 3090 3093 3077 2987
3079 3087 3044 3046 3089 3088 3045 3080
3072 3074 3087 3079 3073 3086 3089 3078
3082 3079 3046 3048 3085 3080 3047 3083
3070 3072 3079 3082 3071 3078 3085 3081
3061 3082 3048 3050 3084 3083 3049 3060
3063 3070 3082 3061 3069 3081 3084 3062
2936 2906 2904 2927 2939 2905 2928 2937
2862 2860 2906 2936 2861 2907 2939 2935
2932 2936 2927 2925 2938 2937 2926 2933
2864 2862 2936 2932 2863 2935 2938 2931
2637 2932 2925 2639 2934 2933 2924 2638
2635 2864 2932 2637 2865 2931 2934 2636
2927 2904 2325 2323 2928 2903 2324 2930
2925 2927 2323 2321 2926 2930 2322 2929
2639 2925 2321 2319 2924 2929 2320 2640
2911 2909 2916 2920 2910 2917 2921 2923
1721 2911 2920 1723 2912 2923 2919 1722
2920 2916 2858 2856 2921 2915 2857 2922
1723 2920 2856 1725 2919 2922 2855 1724
2906 2916 2909 2904 2918 2917 2908 2905
2860 2858 2916 2906 2859 2915 2918 2907
2911 1721 1719 2329 2912 1720 2330 2914
2909 2911 2329 2327 2910 2914 2328 2913
2904 2909 2327 2325 2908 2913 2326 2903
2890 2888 2895 2899 2889 2896 2900 2902
2867 2890 2899 2869 2891 2902 2898 2868
2899 2895 2784 2782 2900 2894 2783 2901
2869 2899 2782 2780 2898 2901 2781 2870
2631 2895 2888 2633 2897 2896 2887 2632
2629 2784 2895 2631 2785 2894 2897 2630
2890 2867 2860 2862 2891 2866 2861 2893
2888 2890 2862 2864 2889 2893 2863 2892
2633 2888 2864 2635 2887 2892 2865 2634
2874 2872 2879 2883 2873 2880 2884 2886
1727 2874 2883 1729 2875 2886 2882 1728
2883 2879 2778 2776 2884 2878 2777 2885
1729 2883 2776 1731 2882 2885 2775 1730
2869 2879 2872 2867 2881 2880 2871 2868
2780 2778 2879 2869 2779 2878 2881 2870
2874 1727 1725 2856 2875 1726 2855 2877
2872 2874 2856 2858 2873 2877 2857 2876
2867 2872 2858 2860 2871 2876 2859 2866
2851 2842 2840 2847 2854 2841 2848 2852
2828 2826 2842 2851 2827 2843 2854 2850
2791 2851 2847 2793 2853 2852 2846 2792
2789 2828 2851 2791 2829 2850 2853 2790
2847 2840 15 17 2848 2839 16 2849
2793 2847 17 19 2846 2849 18 2794
2623 2842 2826 2625 2845 2843 2825 2624
2621 2840 2842 2623 2844 2841 2845 2622
13 15 2840 2621 14 2839 2844 2620
2782 2784 2831 2835 2783 2832 2836 2838
2780 2782 2835 2787 2781 2838 2834 2786
2835 2831 2826 2828 2836 2830 2827 2837
2787 2835 2828 2789 2834 2837 2829 2788
2627 2831 2784 2629 2833 2832 2785 2628
2625 2826 2831 2627 2825 2830 2833 2626
2821 2812 2810 2817 2824 2811 2818 2822
2798 2796 2812 2821 2797 2813 2824 2820
1737 2821 2817 1739 2823 2822 2816 1738
1735 2798 2821 1737 2799 2820 2823 1736
2817 2810 21 23 2818 2809 22 2819
1739 2817 23 25 2816 2819 24 1740
2791 2812 2796 2789 2815 2813 2795 2790
2793 2810 2812 2791 2814 2811 2815 2792
19 21 2810 2793 20 2809 2814 2794
2776 2778 2801 2805 2777 2802 2806 2808
1731 2776 2805 1733 2775 2808 2804 1732
2805 2801 2796 2798 2806 2800 2797 2807
1733 2805 2798 1735 2804 2807 2799 1734
2787 2801 2778 2780 2803 2802 2779 2786
2789 2796 2801 2787 2795 2800 2803 2788
2771 2748 2746 2762 2774 2747 2763 2772
2711 2709 2748 2771 2710 2749 2774 2770
2767 2771 2762 2760 2773 2772 2761 2768
2713 2711 2771 2767 2712 2770 2773 2766
318 2767 2760 316 2769 2768 2759 317
320 2713 2767 318 2714 2766 2769 319
2762 2746 2315 2313 2763 2745 2314 2765
2760 2762 2313 2311 2761 2765 2312 2764
316 2760 2311 314 2759 2764 2310 315
2755 2637 2639 2751 2758 2638 2752 2756
2707 2635 2637 2755 2706 2636 2758 2754
2748 2755 2751 2746 2757 2756 2750 2747
2709 2707 2755 2748 2708 2754 2757 2749
2751 2639 2319 2317 2752 2640 2318 2753
2746 2751 2317 2315 2750 2753 2316 2745
2648 2646 2732 2741 2647 2733 2742 2744
326 2648 2741 324 2649 2744 2740 325
2741 2732 2730 2737 2742 2731 2738 2743
324 2741 2737 322 2740 2743 2736 323
2737 2730 2711 2713 2738 2729 2712 2739
322 2737 2713 320 2736 2739 2714 321
2718 2732 2646 2644 2735 2733 2645 2719
2716 2730 2732 2718 2734 2731 2735 2717
2709 2711 2730 2716 2710 2729 2734 2715
2725 2631 2633 2721 2728 2632 2722 2726
2642 2629 2631 2725 2641 2630 2728 2724
2718 2725 2721 2716 2727 2726 2720 2717
2644 2642 2725 2718 2643 2724 2727 2719
2721 2633 2635 2707 2722 2634 2706 2723
2716 2721 2707 2709 2720 2723 2708 2715
2657 2655 2693 2702 2656 2694 2703 2705
332 2657 2702 330 2658 2705 2701 331
2702 2693 2691 2698 2703 2692 2699 2704
330 2702 2698 328 2701 2704 2697 329
2698 2691 2646 2648 2699 2690 2647 2700
328 2698 2648 326 2697 2700 2649 327
2679 2693 2655 2653 2696 2694 2654 2680
2677 2691 2693 2679 2695 2692 2696 2678
2644 2646 2691 2677 2645 2690 2695 2676
2686 2625 2627 2682 2689 2626 2683 2687
2651 2623 2625 2686 2650 2624 2689 2685
2679 2686 2682 2677 2688 2687 2681 2678
2653 2651 2686 2679 2652 2685 2688 2680
2682 2627 2629 2642 2683 2628 2641 2684
2677 2682 2642 2644 2681 2684 2643 2676
2672 334 0 5 2675 335 4 2673
2657 332 334 2672 2658 333 2675 2671
2668 2672 5 7 2674 2673 6 2669
2655 2657 2672 2668 2656 2671 2674 2667
2660 2668 7 9 2670 2669 8 2661
2653 2655 2668 2660 2654 2667 2670 2659
2663 2660 9 11 2666 2661 10 2664
2651 2653 2660 2663 2652 2659 2666 2662
2621 2663 11 13 2665 2664 12 2620
2623 2651 2663 2621 2650 2662 2665 2622
2607 2605 2612 2616 2606 2613 2617 2619
2556 2607 2616 2558 2608 2619 2615 2557
2616 2612 2480 2478 2617 2611 2479 2618
2558 2616 2478 2476 2615 2618 2477 2559
2342 2612 2605 2344 2614 2613 2604 2343
2340 2480 2612 2342 2481 2611 2614 2341
2607 2556 2554 2593 2608 2555 2594 2610
2605 2607 2593 2591 2606 2610 2592 2609
2344 2605 2591 2346 2604 2609 2590 2345
2600 2552 403 405 2603 2551 404 2601
2593 2554 2552 2600 2594 2553 2603 2599
2596 2600 405 407 2602 2601 406 2597
2591 2593 2600 2596 2592 2599 2602 2595
2348 2596 407 409 2598 2597 408 2349
2346 2591 2596 2348 2590 2595 2598 2347
2563 2561 2577 2586 2562 2578 2587 2589
1703 2563 2586 1705 2564 2589 2585 1704
2586 2577 2575 2582 2587 2576 2583 2588
1705 2586 2582 1707 2585 2588 2581 1706
2582 2575 2474 2472 2583 2574 2473 2584
1707 2582 2472 1709 2581 2584 2471 1708
2556 2577 2561 2554 2580 2578 2560 2555
2558 2575 2577 2556 2579 2576 2580 2557
2476 2474 2575 2558 2475 2574 2579 2559
2570 1701 397 399 2573 1700 398 2571
2563 1703 1701 2570 2564 1702 2573 2569
2566 2570 399 401 2572 2571 400 2567
2561 2563 2570 2566 2562 2569 2572 2565
2552 2566 401 403 2568 2567 402 2551
2554 2561 2566 2552 2560 2565 2568 2553
2547 2538 2536 2543 2550 2537 2544 2548
2524 2522 2538 2547 2523 2539 2550 2546
2487 2547 2543 2489 2549 2548 2542 2488
2485 2524 2547 2487 2525 2546 2549 2486
2543 2536 2321 2323 2544 2535 2322 2545
2489 2543 2323 2325 2542 2545 2324 2490
2334 2538 2522 2336 2541 2539 2521 2335
2332 2536 2538 2334 2540 2537 2541 2333
2319 2321 2536 2332 2320 2535 2540 2331
2478 2480 2527 2531 2479 2528 2532 2534
2476 2478 2531 2483 2477 2534 2530 2482
2531 2527 2522 2524 2532 2526 2523 2533
2483 2531 2524 2485 2530 2533 2525 2484
2338 2527 2480 2340 2529 2528 2481 2339
2336 2522 2527 2338 2521 2526 2529 2337
2517 1717 1715 2508 2520 1716 2509 2518
2329 1719 1717 2517 2330 1718 2520 2516
2513 2517 2508 2506 2519 2518 2507 2514
2327 2329 2517 2513 2328 2516 2519 2512
2489 2513 2506 2487 2515 2514 2505 2488
2325 2327 2513 2489 2326 2512 2515 2490
2508 1715 1713 2494 2509 1714 2495 2511
2506 2508 2494 2492 2507 2511 2493 2510
2487 2506 2492 2485 2505 2510 2491 2486
2472 2474 2497 2501 2473 2498 2502 2504
1709 2472 2501 1711 2471 2504 2500 1710
2501 2497 2492 2494 2502 2496 2493 2503
1711 2501 2494 1713 2500 2503 2495 1712
2483 2497 2474 2476 2499 2498 2475 2482
2485 2492 2497 2483 2491 2496 2499 2484
2467 2444 2442 2458 2470 2443 2459 2468
2420 2418 2444 2467 2419 2445 2470 2466
2463 2467 2458 2456 2469 2468 2457 2464
2422 2420 2467 2463 2421 2466 2469 2462
298 2463 2456 296 2465 2464 2455 297
300 2422 2463 298 2423 2462 2465 299
2458 2442 413 415 2459 2441 414 2461
2456 2458 415 417 2457 2461 416 2460
296 2456 417 294 2455 2460 418 295
2416 2344 2346 2451 2415 2345 2452 2454
2418 2416 2451 2444 2417 2454 2450 2445
2451 2346 2348 2447 2452 2347 2448 2453
2444 2451 2447 2442 2450 2453 2446 2443
2447 2348 409 411 2448 2349 410 2449
2442 2447 411 413 2446 2449 412 2441
2437 302 304 2357 2440 303 2358 2438
2422 300 302 2437 2423 301 2440 2436
2433 2437 2357 2355 2439 2438 2356 2434
2420 2422 2437 2433 2421 2436 2439 2432
2425 2433 2355 2353 2435 2434 2354 2426
2418 2420 2433 2425 2419 2432 2435 2424
2428 2425 2353 2351 2431 2426 2352 2429
2416 2418 2425 2428 2417 2424 2431 2427
2342 2428 2351 2340 2430 2429 2350 2341
2344 2416 2428 2342 2415 2427 2430 2343
2402 2400 2407 2411 2401 2408 2412 2414
2364 2402 2411 2366 2403 2414 2410 2365
2411 2407 2311 2313 2412 2406 2312 2413
2366 2411 2313 2315 2410 2413 2314 2367
312 2407 2400 310 2409 2408 2399 311
314 2311 2407 312 2310 2406 2409 313
2402 2364 2362 2388 2403 2363 2389 2405
2400 2402 2388 2386 2401 2405 2387 2404
310 2400 2386 308 2399 2404 2385 309
2395 2360 2353 2355 2398 2359 2354 2396
2388 2362 2360 2395 2389 2361 2398 2394
2391 2395 2355 2357 2397 2396 2356 2392
2386 2388 2395 2391 2387 2394 2397 2390
306 2391 2357 304 2393 2392 2358 305
308 2386 2391 306 2385 2390 2393 307
2317 2319 2332 2381 2318 2331 2382 2384
2315 2317 2381 2366 2316 2384 2380 2367
2381 2332 2334 2377 2382 2333 2378 2383
2366 2381 2377 2364 2380 2383 2376 2365
2377 2334 2336 2369 2378 2335 2370 2379
2364 2377 2369 2362 2376 2379 2368 2363
2372 2338 2340 2351 2375 2339 2350 2373
2369 2336 2338 2372 2370 2337 2375 2371
2360 2372 2351 2353 2374 2373 2352 2359
2362 2369 2372 2360 2368 2371 2374 2361
2306 2297 2295 2302 2309 2296 2303 2307
2248 2246 2297 2306 2247 2298 2309 2305
2168 2306 2302 2170 2308 2307 2301 2169
2166 2248 2306 2168 2249 2305 2308 2167
2302 2295 2034 2032 2303 2294 2033 2304
2170 2302 2032 2030 2301 2304 2031 2171
2283 2297 2246 2244 2300 2298 2245 2284
2281 2295 2297 2283 2299 2296 2300 2282
2036 2034 2295 2281 2035 2294 2299 2280
2242 454 452 2290 2241 453 2291 2293
2244 2242 2290 2283 2243 2293 2289 2284
2290 452 450 2286 2291 451 2287 2292
2283 2290 2286 2281 2289 2292 2285 2282
2286 450 448 2038 2287 449 2039 2288
2281 2286 2038 2036 2285 2288 2037 2280
2276 2253 2251 2267 2279 2252 2268 2277
39 41 2253 2276 40 2254 2279 2275
2272 2276 2267 2265 2278 2277 2266 2273
37 39 2276 2272 38 2275 2278 2271
2162 2272 2265 2164 2274 2273 2264 2163
35 37 2272 2162 36 2271 2274 2161
2267 2251 2244 2246 2268 2250 2245 2270
2265 2267 2246 2248 2266 2270 2247 2269
2164 2265 2248 2166 2264 2269 2249 2165
2260 458 456 2256 2263 457 2257 2261
43 45 458 2260 44 459 2263 2259
2253 2260 2256 2251 2262 2261 2255 2252
41 43 2260 2253 42 2259 2262 2254
2256 456 454 2242 2257 455 2241 2258
2251 2256 2242 2244 2255 2258 2243 2250
2237 2228 2226 2233 2240 2227 2234 2238
2179 2177 2228 2237 2178 2229 2240 2236
1733 2237 2233 1731 2239 2238 2232 1732
1735 2179 2237 1733 2180 2236 2239 1734
2233 2226 2024 2022 2234 2225 2023 2235
1731 2233 2022 1729 2232 2235 2021 1730
2214 2228 2177 2175 2231 2229 2176 2215
2212 2226 2228 2214 2230 2227 2231 2213
2026 2024 2226 2212 2025 2225 2230 2211
2221 2168 2170 2217 2224 2169 2218 2222
2173 2166 2168 2221 2172 2167 2224 2220
2214 2221 2217 2212 2223 2222 2216 2213
2175 2173 2221 2214 2174 2220 2223 2215
2217 2170 2030 2028 2218 2171 2029 2219
2212 2217 2028 2026 2216 2219 2027 2211
2207 2198 2196 2203 2210 2197 2204 2208
27 29 2198 2207 28 2199 2210 2206
1739 2207 2203 1737 2209 2208 2202 1738
25 27 2207 1739 26 2206 2209 1740
2203 2196 2177 2179 2204 2195 2178 2205
1737 2203 2179 1735 2202 2205 2180 1736
2184 2198 29 31 2201 2199 30 2185
2182 2196 2198 2184 2200 2197 2201 2183
2175 2177 2196 2182 2176 2195 2200 2181
33 35 2162 2191 34 2161 2192 2194
31 33 2191 2184 32 2194 2190 2185
2191 2162 2164 2187 2192 2163 2188 2193
2184 2191 2187 2182 2190 2193 2186 2183
2187 2164 2166 2173 2188 2165 2172 2189
2182 2187 2173 2175 2186 2189 2174 2181
2157 2134 2132 2148 2160 2133 2149 2158
2110 2108 2134 2157 2109 2135 2160 2156
2153 2157 2148 2146 2159 2158 2147 2154
2112 2110 2157 2153 2111 2156 2159 2152
2045 2153 2146 2047 2155 2154 2145 2046
2043 2112 2153 2045 2113 2152 2155 2044
2148 2132 1756 1754 2149 2131 1755 2151
2146 2148 1754 1752 2147 2151 1753 2150
2047 2146 1752 1750 2145 2150 1751 2048
2106 444 442 2141 2105 443 2142 2144
2108 2106 2141 2134 2107 2144 2140 2135
2141 442 440 2137 2142 441 2138 2143
2134 2141 2137 2132 2140 2143 2136 2133
2137 440 438 1758 2138 439 1759 2139
2132 2137 1758 1756 2136 2139 1757 2131
2127 2041 2030 2032 2130 2040 2031 2128
2112 2043 2041 2127 2113 2042 2130 2126
2123 2127 2032 2034 2129 2128 2033 2124
2110 2112 2127 2123 2111 2126 2129 2122
2115 2123 2034 2036 2125 2124 2035 2116
2108 2110 2123 2115 2109 2122 2125 2114
2118 2115 2036 2038 2121 2116 2037 2119
2106 2108 2115 2118 2107 2114 2121 2117
446 2118 2038 448 2120 2119 2039 447
444 2106 2118 446 2105 2117 2120 445
2092 2090 2097 2101 2091 2098 2102 2104
2076 2092 2101 2078 2093 2104 2100 2077
2101 2097 2056 2054 2102 2096 2055 2103
2078 2101 2054 2052 2100 2103 2053 2079
1723 2097 2090 1721 2099 2098 2089 1722
1725 2056 2097 1723 2057 2096 2099 1724
2092 2076 1746 1744 2093 2075 1745 2095
2090 2092 1744 1742 2091 2095 1743 2094
1721 2090 1742 1719 2089 2094 1741 1720
2050 2043 2045 2085 2049 2044 2086 2088
2052 2050 2085 2078 2051 2088 2084 2079
2085 2045 2047 2081 2086 2046 2082 2087
2078 2085 2081 2076 2084 2087 2080 2077
2081 2047 1750 1748 2082 2048 1749 2083
2076 2081 1748 1746 2080 2083 1747 2075
2022 2024 2067 2071 2023 2068 2072 2074
1729 2022 2071 1727 2021 2074 2070 1728
2071 2067 2054 2056 2072 2066 2055 2073
1727 2071 2056 1725 2070 2073 2057 1726
2059 2067 2024 2026 2069 2068 2025 2060
2052 2054 2067 2059 2053 2066 2069 2058
2028 2030 2041 2062 2029 2040 2063 2065
2026 2028 2062 2059 2027 2065 2061 2060
2062 2041 2043 2050 2063 2042 2049 2064
2059 2062 2050 2052 2061 2064 2051 2058
1972 1970 2008 2017 1971 2009 2018 2020
1773 1972 2017 1775 1973 2020 2016 1774
2017 2008 2006 2013 2018 2007 2014 2019
1775 2017 2013 1777 2016 2019 2012 1776
2013 2006 383 385 2014 2005 384 2015
1777 2013 385 387 2012 2015 386 1778
1994 2008 1970 1968 2011 2009 1969 1995
1992 2006 2008 1994 2010 2007 2011 1993
381 383 2006 1992 382 2005 2010 1991
1966 424 422 2001 1965 423 2002 2004
1968 1966 2001 1994 1967 2004 2000 1995
2001 422 420 1997 2002 421 1998 2003
1994 2001 1997 1992 2000 2003 1996 1993
1997 420 377 379 1998 419 378 1999
1992 1997 379 381 1996 1999 380 1991
1907 1905 1983 1987 1906 1984 1988 1990
1769 1907 1987 1771 1908 1990 1986 1770
1987 1983 1970 1972 1988 1982 1971 1989
1771 1987 1972 1773 1986 1989 1973 1772
1975 1983 1905 1903 1985 1984 1904 1976
1968 1970 1983 1975 1969 1982 1985 1974
1901 428 426 1978 1900 427 1979 1981
1903 1901 1978 1975 1902 1981 1977 1976
1978 426 424 1966 1979 425 1965 1980
1975 1978 1966 1968 1977 1980 1967 1974
1961 1938 1936 1952 1964 1937 1953 1962
1914 1912 1938 1961 1913 1939 1964 1960
1957 1961 1952 1950 1963 1962 1951 1958
1916 1914 1961 1957 1915 1960 1963 1956
1765 1957 1950 1767 1959 1958 1949 1766
1763 1916 1957 1765 1917 1956 1959 1764
1952 1936 1903 1905 1953 1935 1904 1955
1950 1952 1905 1907 1951 1955 1906 1954
1767 1950 1907 1769 1949 1954 1908 1768
1945 432 430 1941 1948 431 1942 1946
1910 434 432 1945 1909 433 1948 1944
1938 1945 1941 1936 1947 1946 1940 1937
1912 1910 1945 1938 1911 1944 1947 1939
1941 430 428 1901 1942 429 1900 1943
1936 1941 1901 1903 1940 1943 1902 1935
1752 1754 1927 1931 1753 1928 1932 1934
1750 1752 1931 1761 1751 1934 1930 1760
1931 1927 1914 1916 1932 1926 1915 1933
1761 1931 1916 1763 1930 1933 1917 1762
1919 1927 1754 1756 1929 1928 1755 1920
1912 1914 1927 1919 1913 1926 1929 1918
1758 438 436 1922 1759 437 1923 1925
1756 1758 1922 1919 1757 1925 1921 1920
1922 436 434 1910 1923 435 1909 1924
1919 1922 1910 1912 1921 1924 1911 1918
1887 1885 1892 1896 1886 1893 1897 1899
1849 1887 1896 1851 1888 1899 1895 1850
1896 1892 1786 1784 1897 1891 1785 1898
1851 1896 1784 1782 1895 1898 1783 1852
1707 1892 1885 1705 1894 1893 1884 1706
1709 1786 1892 1707 1787 1891 1894 1708
1887 1849 1847 1873 1888 1848 1874 1890
1885 1887 1873 1871 1886 1890 1872 1889
1705 1885 1871 1703 1884 1889 1870 1704
1880 1845 391 393 1883 1844 392 1881
1873 1847 1845 1880 1874 1846 1883 1879
1876 1880 393 395 1882 1881 394 1877
1871 1873 1880 1876 1872 1879 1882 1875
1701 1876 395 397 1878 1877 396 1700
1703 1871 1876 1701 1870 1875 1878 1702
1780 1769 1771 1866 1779 1770 1867 1869
1782 1780 1866 1851 1781 1869 1865 1852
1866 1771 1773 1862 1867 1772 1863 1868
1851 1866 1862 1849 1865 1868 1861 1850
1862 1773 1775 1854 1863 1774 1855 1864
1849 1862 1854 1847 1861 1864 1853 1848
1857 1777 387 389 1860 1778 388 1858
1854 1775 1777 1857 1855 1776 1860 1856
1845 1857 389 391 1859 1858 390 1844
1847 1854 1857 1845 1853 1856 1859 1846
1831 1829 1836 1840 1830 1837 1841 1843
1793 1831 1840 1795 1832 1843 1839 1794
1840 1836 1742 1744 1841 1835 1743 1842
1795 1840 1744 1746 1839 1842 1745 1796
1717 1836 1829 1715 1838 1837 1828 1716
1719 1742 1836 1717 1741 1835 1838 1718
1831 1793 1791 1817 1832 1792 1818 1834
1829 1831 1817 1815 1830 1834 1816 1833
1715 1829 1815 1713 1828 1833 1814 1714
1824 1789 1782 1784 1827 1788 1783 1825
1817 1791 1789 1824 1818 1790 1827 1823
1820 1824 1784 1786 1826 1825 1785 1821
1815 1817 1824 1820 1816 1823 1826 1819
1711 1820 1786 1709 1822 1821 1787 1710
1713 1815 1820 1711 1814 1819 1822 1712
1810 1761 1763 1806 1813 1762 1807 1811
1748 1750 1761 1810 1749 1760 1813 1809
1795 1810 1806 1793 1812 1811 1805 1794
1746 1748 1810 1795 1747 1809 1812 1796
1806 1763 1765 1798 1807 1764 1799 1808
1793 1806 1798 1791 1805 1808 1797 1792
1798 1765 1767 1801 1799 1766 1802 1804
1791 1798 1801 1789 1797 1804 1800 1790
1801 1767 1769 1780 1802 1768 1779 1803
1789 1801 1780 1782 1800 1803 1781 1788
1696 1687 1685 1692 1699 1686 1693 1697
1624 1622 1687 1696 1623 1688 1699 1695
1397 1696 1692 1399 1698 1697 1691 1398
1395 1624 1696 1397 1625 1695 1698 1396
1692 1685 1083 1081 1693 1684 1082 1694
1399 1692 1081 1079 1691 1694 1080 1400
1666 1687 1622 1620 1690 1688 1621 1667
1664 1685 1687 1666 1689 1686 1690 1665
1085 1083 1685 1664 1084 1684 1689 1663
1618 1616 1671 1680 1617 1672 1681 1683
1620 1618 1680 1666 1619 1683 1679 1667
1680 1671 1669 1676 1681 1670 1677 1682
1666 1680 1676 1664 1679 1682 1675 1665
1676 1669 1089 1087 1677 1668 1088 1678
1664 1676 1087 1085 1675 1678 1086 1663
483 1671 1616 485 1674 1672 1615 484
481 1669 1671 483 1673 1670 1674 482
479 1089 1669 481 1090 1668 1673 480
1650 1648 1655 1659 1649 1656 1660 1662
1627 1650 1659 1629 1651 1662 1658 1628
1659 1655 1544 1542 1660 1654 1543 1661
1629 1659 1542 1540 1658 1661 1541 1630
1391 1655 1648 1393 1657 1656 1647 1392
1389 1544 1655 1391 1545 1654 1657 1390
1650 1627 1620 1622 1651 1626 1621 1653
1648 1650 1622 1624 1649 1653 1623 1652
1393 1648 1624 1395 1647 1652 1625 1394
1634 1632 1639 1643 1633 1640 1644 1646
487 1634 1643 489 1635 1646 1642 488
1643 1639 1538 1536 1644 1638 1537 1645
489 1643 1536 491 1642 1645 1535 490
1629 1639 1632 1627 1641 1640 1631 1628
1540 1538 1639 1629 1539 1638 1641 1630
1634 487 485 1616 1635 486 1615 1637
1632 1634 1616 1618 1633 1637 1617 1636
1627 1632 1618 1620 1631 1636 1619 1626
1611 1553 1551 1602 1614 1552 1603 1612
59 61 1553 1611 60 1554 1614 1610
1607 1611 1602 1600 1613 1612 1601 1608
57 59 1611 1607 58 1610 1613 1606
1381 1607 1600 1383 1609 1608 1599 1382
55 57 1607 1381 56 1606 1609 1380
1602 1551 1549 1588 1603 1550 1589 1605
1600 1602 1588 1586 1601 1605 1587 1604
1383 1600 1586 1385 1599 1604 1585 1384
1595 1547 1540 1542 1598 1546 1541 1596
1588 1549 1547 1595 1589 1548 1598 1594
1591 1595 1542 1544 1597 1596 1543 1592
1586 1588 1595 1591 1587 1594 1597 1590
1387 1591 1544 1389 1593 1592 1545 1388
1385 1586 1591 1387 1585 1590 1593 1386
1558 1556 1572 1581 1557 1573 1582 1584
495 1558 1581 497 1559 1584 1580 496
1581 1572 1570 1577 1582 1571 1578 1583
497 1581 1577 499 1580 1583 1576 498
1577 1570 63 65 1578 1569 64 1579
499 1577 65 67 1576 1579 66 500
1551 1572 1556 1549 1575 1573 1555 1550
1553 1570 1572 1551 1574 1571 1575 1552
61 63 1570 1553 62 1569 1574 1554
1536 1538 1561 1565 1537 1562 1566 1568
491 1536 1565 493 1535 1568 1564 492
1565 1561 1556 1558 1566 1560 1557 1567
493 1565 1558 495 1564 1567 1559 494
1547 1561 1538 1540 1563 1562 1539 1546
1549 1556 1561 1547 1555 1560 1563 1548
1531 1522 1520 1527 1534 1521 1528 1532
1473 1471 1522 1531 1472 1523 1534 1530
442 1531 1527 440 1533 1532 1526 441
444 1473 1531 442 1474 1530 1533 443
1527 1520 1073 1071 1528 1519 1072 1529
440 1527 1071 438 1526 1529 1070 439
1508 1522 1471 1469 1525 1523 1470 1509
1506 1520 1522 1508 1524 1521 1525 1507
1075 1073 1520 1506 1074 1519 1524 1505
1467 1395 1397 1515 1466 1396 1516 1518
1469 1467 1515 1508 1468 1518 1514 1509
1515 1397 1399 1511 1516 1398 1512 1517
1508 1515 1511 1506 1514 1517 1510 1507
1511 1399 1079 1077 1512 1400 1078 1513
1506 1511 1077 1075 1510 1513 1076 1505
1492 1490 1497 1501 1491 1498 1502 1504
1476 1492 1501 1478 1493 1504 1500 1477
1501 1497 1408 1406 1502 1496 1407 1503
1478 1501 1406 1404 1500 1503 1405 1479
448 1497 1490 446 1499 1498 1489 447
450 1408 1497 448 1409 1496 1499 449
1492 1476 1469 1471 1493 1475 1470 1495
1490 1492 1471 1473 1491 1495 1472 1494
446 1490 1473 444 1489 1494 1474 445
1402 1389 1391 1485 1401 1390 1486 1488
1404 1402 1485 1478 1403 1488 1484 1479
1485 1391 1393 1481 1486 1392 1482 1487
1478 1485 1481 1476 1484 1487 1480 1477
1481 1393 1395 1467 1482 1394 1466 1483
1476 1481 1467 1469 1480 1483 1468 1475
1453 1451 1458 1462 1452 1459 1463 1465
1415 1453 1462 1417 1454 1465 1461 1416
1462 1458 47 49 1463 1457 48 1464
1417 1462 49 51 1461 1464 50 1418
458 1458 1451 456 1460 1459 1450 457
45 47 1458 458 46 1457 1460 459
1453 1415 1413 1439 1454 1414 1440 1456
1451 1453 1439 1437 1452 1456 1438 1455
456 1451 1437 454 1450 1455 1436 455
1406 1408 1442 1446 1407 1443 1447 1449
1404 1406 1446 1411 1405 1449 1445 1410
1446 1442 1437 1439 1447 1441 1438 1448
1411 1446 1439 1413 1445 1448 1440 1412
452 1442 1408 450 1444 1443 1409 451
454 1437 1442 452 1436 1441 1444 453
53 55 1381 1432 54 1380 1433 1435
51 53 1432 1417 52 1435 1431 1418
1432 1381 1383 1428 1433 1382 1429 1434
1417 1432 1428 1415 1431 1434 1427 1416
1428 1383 1385 1420 1429 1384 1421 1430
1415 1428 1420 1413 1427 1430 1419 1414
1420 1385 1387 1423 1421 1386 1424 1426
1413 1420 1423 1411 1419 1426 1422 1412
1423 1387 1389 1402 1424 1388 1401 1425
1411 1423 1402 1404 1422 1425 1403 1410
1353 1351 1367 1376 1352 1368 1377 1379
1314 1353 1376 1316 1354 1379 1375 1315
1376 1367 1365 1372 1377 1366 1373 1378
1316 1376 1372 1318 1375 1378 1371 1317
1372 1365 1240 1238 1373 1364 1239 1374
1318 1372 1238 1236 1371 1374 1237 1319
1104 1367 1351 1106 1370 1368 1350 1105
1102 1365 1367 1104 1369 1366 1370 1103
1100 1240 1365 1102 1241 1364 1369 1101
1360 1312 361 363 1363 1311 362 1361
1353 1314 1312 1360 1354 1313 1363 1359
1356 1360 363 365 1362 1361 364 1357
1351 1353 1360 1356 1352 1359 1362 1355
1108 1356 365 367 1358 1357 366 1109
1106 1351 1356 1108 1350 1355 1358 1107
1346 467 465 1337 1349 466 1338 1347
1232 469 467 1346 1231 468 1349 1345
1342 1346 1337 1335 1348 1347 1336 1343
1234 1232 1346 1342 1233 1345 1348 1341
1318 1342 1335 1316 1344 1343 1334 1317
1236 1234 1342 1318 1235 1341 1344 1319
1337 465 463 1323 1338 464 1324 1340
1335 1337 1323 1321 1336 1340 1322 1339
1316 1335 1321 1314 1334 1339 1320 1315
1330 461 355 357 1333 460 356 1331
1323 463 461 1330 1324 462 1333 1329
1326 1330 357 359 1332 1331 358 1327
1321 1323 1330 1326 1322 1329 1332 1325
1312 1326 359 361 1328 1327 360 1311
1314 1321 1326 1312 1320 1325 1328 1313
1284 1282 1298 1307 1283 1299 1308 1310
1245 1284 1307 1247 1285 1310 1306 1246
1307 1298 1296 1303 1308 1297 1304 1309
1247 1307 1303 1249 1306 1309 1302 1248
1303 1296 1081 1083 1304 1295 1082 1305
1249 1303 1083 1085 1302 1305 1084 1250
1094 1298 1282 1096 1301 1299 1281 1095
1092 1296 1298 1094 1300 1297 1301 1093
1079 1081 1296 1092 1080 1295 1300 1091
1291 1243 1236 1238 1294 1242 1237 1292
1284 1245 1243 1291 1285 1244 1294 1290
1287 1291 1238 1240 1293 1292 1239 1288
1282 1284 1291 1287 1283 1290 1293 1286
1098 1287 1240 1100 1289 1288 1241 1099
1096 1282 1287 1098 1281 1286 1289 1097
1254 1252 1268 1277 1253 1269 1278 1280
473 1254 1277 475 1255 1280 1276 474
1277 1268 1266 1273 1278 1267 1274 1279
475 1277 1273 477 1276 1279 1272 476
1273 1266 1087 1089 1274 1265 1088 1275
477 1273 1089 479 1272 1275 1090 478
1247 1268 1252 1245 1271 1269 1251 1246
1249 1266 1268 1247 1270 1267 1271 1248
1085 1087 1266 1249 1086 1265 1270 1250
1261 471 469 1232 1264 470 1231 1262
1254 473 471 1261 1255 472 1264 1260
1257 1261 1232 1234 1263 1262 1233 1258
1252 1254 1261 1257 1253 1260 1263 1256
1243 1257 1234 1236 1259 1258 1235 1242
1245 1252 1257 1243 1251 1256 1259 1244
1218 1216 1223 1227 1217 1224 1228 1230
1202 1218 1227 1204 1219 1230 1226 1203
1227 1223 1182 1180 1228 1222 1181 1229
1204 1227 1180 1178 1226 1229 1179 1205
422 1223 1216 420 1225 1224 1215 421
424 1182 1223 422 1183 1222 1225 423
1218 1202 371 373 1219 1201 372 1221
1216 1218 373 375 1217 1221 374 1220
420 1216 375 377 1215 1220 376 419
1176 1104 1106 1211 1175 1105 1212 1214
1178 1176 1211 1204 1177 1214 1210 1205
1211 1106 1108 1207 1212 1107 1208 1213
1204 1211 1207 1202 1210 1213 1206 1203
1207 1108 367 369 1208 1109 368 1209
1202 1207 369 371 1206 1209 370 1201
1197 426 428 1117 1200 427 1118 1198
1182 424 426 1197 1183 425 1200 1196
1193 1197 1117 1115 1199 1198 1116 1194
1180 1182 1197 1193 1181 1196 1199 1192
1185 1193 1115 1113 1195 1194 1114 1186
1178 1180 1193 1185 1179 1192 1195 1184
1188 1185 1113 1111 1191 1186 1112 1189
1176 1178 1185 1188 1177 1184 1191 1187
1102 1188 1111 1100 1190 1189 1110 1101
1104 1176 1188 1102 1175 1187 1190 1103
1171 1148 1146 1162 1174 1147 1163 1172
1124 1122 1148 1171 1123 1149 1174 1170
1167 1171 1162 1160 1173 1172 1161 1168
1126 1124 1171 1167 1125 1170 1173 1166
432 1167 1160 430 1169 1168 1159 431
434 1126 1167 432 1127 1166 1169 433
1162 1146 1113 1115 1163 1145 1114 1165
1160 1162 1115 1117 1161 1165 1116 1164
430 1160 1117 428 1159 1164 1118 429
1120 1094 1096 1155 1119 1095 1156 1158
1122 1120 1155 1148 1121 1158 1154 1149
1155 1096 1098 1151 1156 1097 1152 1157
1148 1155 1151 1146 1154 1157 1150 1147
1151 1098 1100 1111 1152 1099 1110 1153
1146 1151 1111 1113 1150 1153 1112 1145
1071 1073 1137 1141 1072 1138 1142 1144
438 1071 1141 436 1070 1144 1140 437
1141 1137 1124 1126 1142 1136 1125 1143
436 1141 1126 434 1140 1143 1127 435
1129 1137 1073 1075 1139 1138 1074 1130
1122 1124 1137 1129 1123 1136 1139 1128
1077 1079 1092 1132 1078 1091 1133 1135
1075 1077 1132 1129 1076 1135 1131 1130
1132 1092 1094 1120 1133 1093 1119 1134
1129 1132 1120 1122 1131 1134 1121 1128
1057 1055 1062 1066 1056 1063 1067 1069
1041 1057 1066 1043 1058 1069 1065 1042
1066 1062 1008 1006 1067 1061 1007 1068
1043 1066 1006 1004 1065 1068 1005 1044
928 1062 1055 930 1064 1063 1054 929
926 1008 1062 928 1009 1061 1064 927
1057 1041 796 794 1058 1040 795 1060
1055 1057 794 792 1056 1060 793 1059
930 1055 792 790 1054 1059 791 931
1050 94 96 1046 1053 95 1047 1051
1002 92 94 1050 1001 93 1053 1049
1043 1050 1046 1041 1052 1051 1045 1042
1004 1002 1050 1043 1003 1049 1052 1044
1046 96 98 798 1047 97 799 1048
1041 1046 798 796 1045 1048 797 1040
1036 1013 1011 1027 1039 1012 1028 1037
81 83 1013 1036 82 1014 1039 1035
1032 1036 1027 1025 1038 1037 1026 1033
79 81 1036 1032 80 1035 1038 1031
922 1032 1025 924 1034 1033 1024 923
77 79 1032 922 78 1031 1034 921
1027 1011 1004 1006 1028 1010 1005 1030
1025 1027 1006 1008 1026 1030 1007 1029
924 1025 1008 926 1024 1029 1009 925
1020 88 90 1016 1023 89 1017 1021
85 2 88 1020 86 87 1023 1019
1013 1020 1016 1011 1022 1021 1015 1012
83 85 1020 1013 84 1019 1022 1014
1016 90 92 1002 1017 91 1001 1018
1011 1016 1002 1004 1015 1018 1003 1010
997 974 972 988 1000 973 989 998
937 935 974 997 936 975 1000 996
993 997 988 986 999 998 987 994
939 937 997 993 938 996 999 992
493 993 986 491 995 994 985 492
495 939 993 493 940 992 995 494
988 972 786 784 989 971 785 991
986 988 784 782 987 991 783 990
491 986 782 489 985 990 781 490
933 926 928 981 932 927 982 984
935 933 981 974 934 984 980 975
981 928 930 977 982 929 978 983
974 981 977 972 980 983 976 973
977 930 790 788 978 931 789 979
972 977 788 786 976 979 787 971
69 71 958 967 70 959 968 970
67 69 967 499 68 970 966 500
967 958 956 963 968 957 964 969
499 967 963 497 966 969 962 498
963 956 937 939 964 955 938 965
497 963 939 495 962 965 940 496
944 958 71 73 961 959 72 945
942 956 958 944 960 957 961 943
935 937 956 942 936 955 960 941
951 922 924 947 954 923 948 952
75 77 922 951 76 921 954 950
944 951 947 942 953 952 946 943
73 75 951 944 74 950 953 945
947 924 926 933 948 925 932 949
942 947 933 935 946 949 934 941
908 906 913 917 907 914 918 920
870 908 917 872 909 920 916 871
917 913 518 516 918 912 517 919
872 917 516 514 916 919 515 873
106 913 906 104 915 914 905 105
108 518 913 106 519 912 915 107
908 870 868 894 909 869 895 911
906 908 894 892 907 911 893 910
104 906 892 102 905 910 891 103
901 866 794 796 904 865 795 902
894 868 866 901 895 867 904 900
897 901 796 798 903 902 797 898
892 894 901 897 893 900 903 896
100 897 798 98 899 898 799 99
102 892 897 100 891 896 899 101
887 807 805 883 890 806 884 888
512 510 807 887 511 808 890 886
872 887 883 870 889 888 882 871
514 512 887 872 513 886 889 873
883 805 803 875 884 804 876 885
870 883 875 868 882 885 874 869
878 801 790 792 881 800 791 879
875 803 801 878 876 802 881 877
866 878 792 794 880 879 793 865
868 875 878 866 874 877 880 867
852 850 857 861 851 858 862 864
814 852 861 816 853 864 860 815
861 857 508 506 862 856 507 863
816 861 506 504 860 863 505 817
807 857 850 805 859 858 849 806
510 508 857 807 509 856 859 808
852 814 812 838 853 813 839 855
850 852 838 836 851 855 837 854
805 850 836 803 849 854 835 804
786 788 841 845 787 842 846 848
784 786 845 810 785 848 844 809
845 841 836 838 846 840 837 847
810 845 838 812 844 847 839 811
801 841 788 790 843 842 789 800
803 836 841 801 835 840 843 802
502 479 481 831 501 480 832 834
504 502 831 816 503 834 830 817
831 481 483 827 832 482 828 833
816 831 827 814 830 833 826 815
827 483 485 819 828 484 820 829
814 827 819 812 826 829 818 813
819 485 487 822 820 486 823 825
812 819 822 810 818 825 821 811
822 487 489 782 823 488 781 824
810 822 782 784 821 824 783 809
768 766 773 777 767 774 778 780
752 768 777 754 769 780 776 753
777 773 732 730 778 772 731 779
754 777 730 728 776 779 729 755
665 773 766 667 775 774 765 666
663 732 773 665 733 772 775 664
768 752 535 533 769 751 534 771
766 768 533 531 767 771 532 770
667 766 531 529 765 770 530 668
726 112 114 761 725 113 762 764
728 726 761 754 727 764 760 755
761 114 116 757 762 115 758 763
754 761 757 752 760 763 756 753
757 116 118 537 758 117 538 759
752 757 537 535 756 759 536 751
512 514 743 747 513 744 748 750
510 512 747 661 511 750 746 660
747 743 730 732 748 742 731 749
661 747 732 663 746 749 733 662
735 743 514 516 745 744 515 736
728 730 743 735 729 742 745 734
518 108 110 738 519 109 739 741
516 518 738 735 517 741 737 736
738 110 112 726 739 111 725 740
735 738 726 728 737 740 727 734
712 710 717 721 711 718 722 724
696 712 721 698 713 724 720 697
721 717 676 674 722 716 675 723
698 721 674 672 720 723 673 699
473 717 710 471 719 718 709 472
475 676 717 473 677 716 719 474
712 696 525 523 713 695 524 715
710 712 523 521 711 715 522 714
471 710 521 469 709 714 520 470
705 665 667 701 708 666 702 706
670 663 665 705 669 664 708 704
698 705 701 696 707 706 700 697
672 670 705 698 671 704 707 699
701 667 529 527 702 668 528 703
696 701 527 525 700 703 526 695
502 504 687 691 503 688 692 694
479 502 691 477 501 694 690 478
691 687 674 676 692 686 675 693
477 691 676 475 690 693 677 476
679 687 504 506 689 688 505 680
672 674 687 679 673 686 689 678
508 510 661 682 509 660 683 685
506 508 682 679 507 685 681 680
682 661 663 670 683 662 669 684
679 682 670 672 681 684 671 678
647 645 652 656 646 653 657 659
631 647 656 633 648 659 655 632
656 652 611 609 657 651 610 658
633 656 609 607 655 658 608 634
544 652 645 546 654 653 644 545
542 611 652 544 612 651 654 543
647 631 339 341 648 630 340 650
645 647 341 343 646 650 342 649
546 645 343 345 644 649 344 547
640 124 126 636 643 125 637 641
605 122 124 640 604 123 643 639
633 640 636 631 642 641 635 632
607 605 640 633 606 639 642 634
636 126 128 337 637 127 336 638
631 636 337 339 635 638 338 630
531 533 622 626 532 623 627 629
529 531 626 540 530 629 625 539
626 622 609 611 627 621 610 628
540 626 611 542 625 628 612 541
614 622 533 535 624 623 534 615
607 609 622 614 608 621 624 613
537 118 120 617 538 119 618 620
535 537 617 614 536 620 616 615
617 120 122 605 618 121 604 619
614 617 605 607 616 619 606 613
600 577 575 591 603 576 592 601
553 551 577 600 552 578 603 599
596 600 591 589 602 601 590 597
555 553 600 596 554 599 602 595
463 596 589 461 598 597 588 462
465 555 596 463 556 595 598 464
591 575 349 351 592 574 350 594
589 591 351 353 590 594 352 593
461 589 353 355 588 593 354 460
584 544 546 580 587 545 581 585
549 542 544 584 548 543 587 583
577 584 580 575 586 585 579 576
551 549 584 577 550 583 586 578
580 546 345 347 581 547 346 582
575 580 347 349 579 582 348 574
521 523 566 570 522 567 571 573
469 521 570 467 520 573 569 468
570 566 553 555 571 565 554 572
467 570 555 465 569 572 556 466
558 566 523 525 568 567 524 559
551 553 566 558 552 565 568 557
527 529 540 561 528 539 562 564
525 527 561 558 526 564 560 559
561 540 542 549 562 541 548 563
558 561 549 551 560 563 550 557
